after pickles
clf OneVsOneClassifier(estimator=AdaBoostClassifier(algorithm='SAMME.R', base_estimator=None,
          learning_rate=1.0, n_estimators=50, random_state=None),
          n_jobs=1)
n_iter 1
resTable 0.223214285714
[0.2321428571428571, 0.25, 0.2857142857142857, 0.2321428571428571, 0.2857142857142857, 0.125, 0.2321428571428571, 0.3035714285714286, 0.1607142857142857, 0.125]
resRaw 0.846428571429
[0.8928571428571429, 0.8035714285714286, 0.875, 0.8214285714285714, 0.8928571428571429, 0.8571428571428571, 0.875, 0.8571428571428571, 0.8214285714285714, 0.7678571428571429]
resRawTransform 0.789285714286
[0.7857142857142857, 0.7321428571428571, 0.7321428571428571, 0.8035714285714286, 0.8392857142857143, 0.75, 0.8214285714285714, 0.8392857142857143, 0.7857142857142857, 0.8035714285714286]
resLaban 0.832142857143
[0.8571428571428571, 0.8035714285714286, 0.8392857142857143, 0.8392857142857143, 0.8571428571428571, 0.8035714285714286, 0.8035714285714286, 0.8571428571428571, 0.8571428571428571, 0.8035714285714286]
resEmotion 0.789285714286
[0.7857142857142857, 0.7321428571428571, 0.7321428571428571, 0.8035714285714286, 0.8392857142857143, 0.75, 0.8214285714285714, 0.8392857142857143, 0.7857142857142857, 0.8035714285714286]
resAll 0.832142857143
[0.8571428571428571, 0.8035714285714286, 0.8392857142857143, 0.8392857142857143, 0.8571428571428571, 0.8035714285714286, 0.8035714285714286, 0.8571428571428571, 0.8571428571428571, 0.8035714285714286]
