   5.39399927e-02   3.70032458e-03   4.04718174e+02   2.16437503e-02
   4.01238668e-02  -8.18021669e-04   3.62877966e+00   1.61889420e-03
   6.80447347e+03   1.86726004e-05   6.72871776e-03   1.54748469e-01
   1.51421484e-03   2.49250226e-03   2.48794602e-04   7.15580523e+00
   3.64321886e-07  -2.39438655e-01   6.62857176e-03   3.93808064e-02
   3.81452213e-03   1.11011637e-02   6.60036599e-01   3.02623509e-03
   1.98994657e-06   1.81195408e-03   4.08110139e-01   2.16145621e-04
  -1.52734510e-01   8.42714676e-05   1.78625022e-03  -2.07735576e-03
   8.32010612e-04   9.86068364e-04  -2.67688574e-02   6.63472201e-03
   4.67824918e-06   3.55346657e+00   3.35589690e-01  -3.92318664e-03
   1.39830918e-03   2.42212210e-02   8.17208424e-04  -2.71145530e-03
   2.10621400e-02   2.33513601e-04   6.20387556e+01   6.20387556e+01
  -2.51658947e-03   2.78673777e-03   5.25910316e-03   1.89996424e-01
   1.04535163e-03   5.85707453e-01   1.29085662e-01   1.58988670e-03
   1.16722063e-02   1.55664175e-03   9.24021357e-02   7.42487606e-06
  -3.22426282e-01   3.22426282e-01   2.77111606e-02   8.07728077e+01
   8.07728077e+01   7.54162401e-07   6.24313529e-02   2.11536449e-02
  -3.65438336e+00   6.19019951e-01  -9.05455845e-03   7.60229272e-03
   7.60229272e-03   1.58484577e-02   8.18021669e-04   1.47346621e-02]
y_laban [ 0.  0.  0.  0.  0.  0.  0.  0.  0.  0.  1.  1.  0.  1.  0.  0.  0.  0.]
em 1
true_emotion 2
i 533
x [  1.55771953e-01   4.84412773e-01   2.03068255e-01   6.24967605e-01
  -8.27182358e-01   1.00674640e-03   1.52160516e-06   1.08379747e-01
   1.21248343e-03   9.56027764e-03   1.84827175e-01   9.91212855e-02
   1.21709007e-01  -4.54524835e-02  -1.71784576e-02   6.01780685e-01
   6.45246171e-03  -8.47312814e-01   4.59295382e-01  -2.79628023e-03
   2.14097702e-03   5.12624920e-05   2.50581841e-03   5.38208777e-03
   5.95924999e-03   2.76496078e-01   2.76496078e-01   2.70868485e-02
   6.56742337e-06   1.13779292e+00   4.73320536e-02   9.33361482e-03
  -1.13143641e-01   2.98587681e-01   2.98587681e-01   2.98587681e-01
   2.98587681e-01  -5.70482151e-03   7.15918046e-03   1.32944512e+00
   2.14764306e-01   1.52399447e-06   5.95924999e-03   8.19666917e-05
   1.16703012e-01   2.99936400e-05   8.73862442e-04   4.19998668e-01
   1.25890832e-06   1.22548228e-03   2.00346924e-03   5.41632481e-03
   8.52748086e-02   1.14293046e+02   1.14293046e+02   2.59396487e-04
  -2.20863414e-03   1.41201559e-01   3.73844278e-01   6.36610268e-03
   5.26022583e-03   1.91252635e-02   4.47454109e-04   2.07807174e-02
   4.08975091e-01   1.24814064e+02   1.24814064e+02   9.69828678e-05
   8.96399337e-02   8.96399337e-02   8.01041120e-02   9.77354122e-04
   6.16371053e-04   1.40209112e-01   1.20903081e-04   2.92599323e+00
   5.49720968e-04   3.61399370e-04   2.96534153e-03   8.72991474e-05
   4.20410703e-02   5.63136223e-02   6.69044460e-03   1.14972769e-01
   1.13143641e-01   1.02001735e+00   1.13779292e+00   2.96534153e-03
   5.50577595e-02   1.58343199e-05   7.71102850e-04   5.06409833e-03
   6.11410700e-01   1.00347357e+03  -2.33654635e-03  -3.05811418e-01
   8.28270519e-04   9.65753126e-02   1.12242454e-03   3.76664029e-03
  -2.96015529e-03   5.70482151e-03   3.07686421e-03   5.22211701e-02
  -1.64666407e-02   6.39506012e-01   1.10194164e-03   5.51882691e-02
   1.23468496e-03   7.63946645e-04   5.00493228e-02  -3.46264728e-03
   5.42332776e-03   5.09285158e-02   2.15664434e-01   6.61097113e-02
   4.03470011e-01   2.06006416e-01  -2.03375207e-01   6.13126885e-06
   1.35223698e-06  -5.63317032e-04   5.06409833e-03   9.15293843e-01
   1.48705658e-02   5.48010644e-01  -9.05989572e-03   6.26462585e-05
  -1.12011759e-01  -5.23849243e-03   2.20017488e-02   2.00950216e-04
   1.12011759e-01   2.72565445e-04   7.75665972e-02   9.32473472e-05
   7.78111969e-03   3.76664029e-03  -1.40092990e-02   2.79628023e-03
   6.76926508e-05   7.67008562e+02   2.15906714e-01   6.59452284e-04
  -5.08624489e-03   1.55958444e-01   5.47664476e-03   8.89085096e-03
  -2.51633079e-03   1.40097814e-01   3.60221854e-04   1.24166746e-06
   7.42206278e-02   8.01370984e-02   3.24482838e-04  -3.56403464e-02
   7.42206278e-02   1.51706124e-03   4.32992065e-03  -3.52873938e-03
   5.08746235e-03   2.20145545e-05   6.19337117e-01   8.10447828e-03
   2.15453078e-01   4.43106141e-01   9.03836652e-04   8.57478443e-03
   1.35369611e-03   3.57764605e-02  -3.07606304e-03   3.85119032e-03
  -1.35369611e-03   5.63317032e-04  -1.91758165e-02   8.06586724e-02
   2.10691071e-06   9.16255937e-07   3.15983605e-03   2.07807174e-02
   2.90891620e-01   7.07927345e-03   5.16945203e+00   2.08219921e-06
   2.08948474e-01   5.22211701e-02   5.08624489e-03   3.83602924e-01
   1.71055336e+00  -3.95411929e-01   9.72481732e-03   1.48705658e-02
   5.91123376e-02   1.51706124e-03   7.81195991e-02  -1.50679554e-03
   1.43246874e+03   5.95787390e-02   2.81423218e-03   1.15013028e-03
   1.00948732e-01   6.61097113e-02  -1.43524993e-03  -1.33263861e-01
   2.07205777e-03  -1.05983910e-02   3.07686421e-03   7.46145907e-04
  -7.04087290e-03   3.47487133e-03   1.06059084e+01   6.92020549e-03
   2.17160989e-01  -7.25151023e-03   3.09306279e-01   2.32517499e-02
   2.23465498e-02  -4.99330403e-01   1.01714402e-04   3.95724121e-03
  -7.12792709e-02   5.68788677e-01   7.25151023e-03   5.97921995e-04
  -6.51479625e+00  -3.97141183e-01   2.22483504e-01   1.43524993e-03
  -2.32517499e-02   1.15828905e-03   2.61462797e-03  -2.14790225e+00
  -7.17160826e-03   4.29658513e-03   1.16257588e-04   7.46082399e-04
   5.15622516e-04   3.09306279e-01  -1.49276840e-02  -2.59814456e-03
   2.84100157e+01   2.84100157e+01   2.22483504e-01   2.78350779e+00
   1.54764847e+01   7.20414787e-04  -1.78745961e-02   6.87325420e-03
  -3.91759512e-03  -1.39877991e-02   3.71537636e-01   2.28463670e-06
   1.08912754e-03   1.24189012e+00   1.24189012e+00   1.41242400e-02
   1.10357604e-06   2.00782970e-01  -2.04041073e-03   1.22581270e-01
   8.48312167e-04   1.16282450e-03   1.62166525e-06   2.27908502e-02
   3.51473678e-01   3.51473678e-01   3.51473678e-01   3.51473678e-01
   2.05667454e-01   6.86032841e-07   9.72252187e-01   9.72252187e-01
  -2.43300779e-03   1.76349450e-01   5.09348203e-03  -8.10447828e-03
   7.54177865e-01   8.44511594e-04   5.38312893e-03   1.68336714e-02
   1.27344134e-03   1.37280327e-03  -8.74995395e-02   1.44763041e-01
   3.90909096e-03   4.08700400e-02   3.38230879e-03   2.79403566e-04
   2.34690907e+00   1.91252635e-02   5.78591563e-02  -1.50612173e-02
   1.13889301e-03   3.19056408e-03   1.38419392e-02   1.18401150e-02
   4.53565876e-03   2.39390602e+00   1.41017681e-03   5.09348203e-03
  -2.15438198e-02   1.63308507e-02   1.51126708e-03  -1.99519739e+00
   1.38419392e-02   2.49906995e-01   9.26904870e-06   2.85896784e-04
   1.28516800e+00   7.11683472e-02   2.78629147e+00   1.39877991e-02
   3.84602828e-04   4.08322922e-04   1.07109228e+00   1.45140298e-03
   3.13265377e-03   1.28810141e-03  -2.34690907e+00   5.00790543e-03
   3.29232884e+01   7.02574958e-02   1.53148460e-01   1.18197542e+00
  -5.14361562e-03  -1.25109904e-01   2.29041508e+00   1.80596173e-01
   3.91759512e-03   1.78745961e-02   2.52412005e+00   4.68281249e-01
   3.93448911e-03   9.31142397e-03   2.80686978e-03   4.33925321e-04
   1.22818022e+01   1.22818022e+01   1.08250110e-03   7.17250061e-02
   3.11365600e-04   1.09209567e-03   5.08746235e-03   4.58387472e-04
   2.77283432e-03   4.42162889e-02   5.86235398e-03   1.10818012e-01
   1.49348317e-03   1.76220937e-01  -3.80504019e-03   3.21352971e-03
   1.78839754e+00   5.78421833e-02   1.14675378e-01   2.27493493e-06
   7.78229495e-04   1.28469628e-02   3.68998033e-01   1.52195841e-06
   2.50068357e+01  -3.33902787e+00   1.31627337e-06   2.28934243e+00
   1.74433570e-03   7.19441498e+03  -3.14604130e-02   3.80494581e-03
   8.78733872e-07   1.25983879e-06  -1.69965452e-03   6.04992527e-06
   4.60685448e-03   9.57212466e-04   1.90814502e-03   1.28810141e-03
   1.54309490e-03  -1.64949258e-01  -6.77589709e-03   2.90773387e-04
   1.17072969e-03  -1.79238699e-01   1.77570867e-02   6.96071550e-04
   2.04041073e-03   6.63113593e-04   9.75399447e-02   5.90527746e-04
   2.59721821e+01   2.59721821e+01   1.33968903e-01   6.42406560e+00
   8.87005872e+01   8.87005872e+01   2.96984665e-03   0.00000000e+00
  -2.69066112e-03  -1.08144435e-03   3.67541543e-05  -5.89690624e-02
   4.44132269e-02   6.31278256e-02   6.31278256e-02   6.82020043e-03
   4.16512214e-03   5.11141613e+00   2.51654825e-03  -2.15101656e+00
   2.31791468e-05   4.60685448e-03  -2.65176919e-03  -5.68798914e-02
   5.25792970e+00   5.25141072e-04   3.48602091e-05   2.80686978e-03
   1.66305793e-03  -4.08322922e-04   2.40331079e-03   7.44593563e-06
   4.68996115e-04   1.22581270e-01   1.23364366e-03  -9.54423269e-01
   9.55081980e-02   3.18189466e-03   8.29430453e+02  -3.40509589e-03
   8.31999983e-02  -6.22464267e-04   1.87626133e+00   3.68681711e-03
   8.07717386e+03   1.65559133e-05   6.82020043e-03   6.29272382e-02
   9.74076648e-04   1.94827899e-03   3.46252433e-05   5.39188854e+00
   4.21619062e-06  -2.21549758e-01   3.90909096e-03   8.37338144e-02
   6.00585862e-03   2.59814456e-03   3.21816368e+00   2.40889569e-03
   4.44504026e-06   2.30541593e-03   4.01158400e-01   3.78679125e-04
  -1.85695537e-01   1.31111037e-05   1.20763136e-03  -2.51654825e-03
   3.62167122e-04   5.94558504e-04  -1.37064088e-02   9.48924333e-03
   2.38140579e-06   2.26069068e+00   4.11231407e-01  -2.43337638e-03
   2.09678552e-03   2.31732371e-02   6.16621136e-04  -2.58025684e-03
   5.42923757e-03   3.78679125e-04   8.49912784e+01   8.49912784e+01
  -2.77230786e-03   2.58025684e-03   3.52873938e-03   2.37816989e-01
   1.47658685e-03   6.95541905e-01   1.98643538e-01   1.07793347e-03
   9.82420133e-03   9.97017378e-04   1.39193318e-01   2.80746302e-06
  -3.99588861e-01   3.99588861e-01   2.89548130e-02   8.85517161e+01
   8.85517161e+01   4.84568027e-07   5.38362281e-02  -3.53810843e-03
  -2.78629147e+00   5.36972280e-01  -1.27506456e-02   2.71726039e-04
   2.71726039e-04   1.68336714e-02   8.79650439e-04   1.99973532e-02]
y_laban [ 0.  0.  0.  0.  0.  0.  0.  0.  0.  0.  1.  1.  0.  0.  0.  0.  0.  1.]
em 1
true_emotion 2
i 534
x [  1.43885229e-01   5.15844766e-01   1.96735879e-01   6.57983075e-01
  -3.43409029e-02   7.35970594e-04   7.88048476e-07   1.15530924e-01
   8.44393894e-04   2.56792789e-02   1.84149887e-01   1.32423686e-01
   1.33322322e-01  -3.88125677e-02  -1.20872777e-03   6.25429382e-01
   1.25833803e-03  -5.99106463e-02   4.92498155e-01  -1.85800718e-03
   5.11983049e-04   4.52392690e-06   6.35017186e-04   1.23256884e-03
   1.75519413e-03   9.84236080e-01   9.84236080e-01   1.16133491e-02
   5.49657322e-07   1.13525845e+00   2.32088782e-02   2.53206317e-03
  -4.08850327e-02   3.37568768e-01   3.37568768e-01   3.37568768e-01
   3.37568768e-01  -7.20939206e-04   2.12600785e-03   6.81538944e-01
   2.23888786e-01   3.44935371e-07   1.75519413e-03   1.20867076e-05
   1.23167047e-01   5.99579135e-07   5.25162631e-04   8.80313348e-02
   4.63494222e-07   5.78671529e-04   5.52116217e-04   1.69104677e-03
   1.53256705e-01   1.03300105e+02   1.03300105e+02   6.98639023e-05
  -6.17846426e-04   6.35463659e-02   1.59820668e-02   2.54463880e-02
   2.68800487e-04   7.12260921e-03   1.57198430e-04   6.32331396e-03
   2.83089457e-02   1.05766119e+02   1.05766119e+02   1.08776439e-05
   1.16288090e-01   1.16288090e-01   9.17919746e-02   4.62661445e-04
   1.26057287e-04   2.21473391e-02   6.14787411e-05   7.01182134e-01
   1.94566986e-04   1.14775208e-04   5.36115995e-04   3.50838581e-05
   5.79425880e-03   7.41588988e-03   1.23256884e-03   6.78684823e-02
   4.08850327e-02   9.78127676e-01   1.13525845e+00   6.17846426e-04
   4.12229564e-02   6.95928446e-06   1.54225914e-04   1.17573393e-03
   1.26396870e-01   3.03749498e+02  -1.49329912e-03  -1.02764884e+00
   1.85170469e-04   1.21702304e-01   2.36566592e-04   5.93715465e-04
  -6.53499323e-04   2.19827406e-03   7.95485034e-04   1.22457106e-01
  -1.41525797e-03   1.68250268e-01   6.76492498e-04   4.09457467e-02
   7.07431892e-04   1.25473697e-03   9.17358154e-03  -1.17573393e-03
   2.19827406e-03   5.08249389e-02   2.27019248e-01   8.56171098e-02
   1.22532673e-01   2.24694442e-01  -1.22412501e-01   4.21552554e-07
   2.89416617e-08  -2.59023147e-04   1.09109626e-03   1.94781046e-01
   1.98572552e-03   8.82441197e-02  -2.29816101e-03  -1.58313536e-04
  -4.30758661e-02  -5.57891946e-04   2.58246936e-03   6.82420743e-05
   4.30758661e-02   9.96564898e-05   6.46127533e-02   4.62598519e-05
   2.71452187e-03   5.93715465e-04   6.76689496e-03   1.85800718e-03
   2.82788676e-05   4.62797057e+02   1.98890338e-01   2.41402918e-04
  -1.39620873e-03   2.12235779e-01   5.83819057e-04   2.46656090e-03
  -5.83309342e-04   1.09094763e-02   6.75290651e-05   1.35466638e-06
   7.68877261e-02   5.44382585e-02   2.94295890e-04  -6.99609917e-02
   7.68877261e-02   1.86260005e-04   5.78816880e-04  -1.61909225e-03
   5.12426659e-03   9.53819743e-07   2.04532558e-01   6.36290788e-03
   2.27056765e-01   1.20495915e-01   1.03371221e-03   8.40583410e-04
   7.50536777e-04   5.44636483e-03  -1.34094156e-03   2.50500120e-03
  -7.50536777e-04   2.94295890e-04  -3.21388488e-04   5.30634490e-02
   9.16872496e-08   1.70546886e-08   2.28004039e-03   6.32331396e-03
   5.01317956e-02   2.61407824e-03   1.43442796e+00   1.11432183e-06
   2.22163439e-01   1.22457106e-01   1.39620873e-03   4.18425783e-02
   8.35349150e-01  -1.46557831e-02   2.08307576e-03   1.98572552e-03
   6.01573738e-02   1.23852579e-04   7.22466865e-02  -1.86260005e-04
   3.42188603e+02   9.92246054e-02   5.87843431e-04   8.79149088e-04
   1.08195802e-02   8.56171098e-02  -4.37970376e-04  -9.39459223e-02
   2.96511337e-03  -3.25582020e-03   7.95485034e-04   1.69392773e-04
  -8.72226822e-04   7.25753817e-04   1.30574215e-01   6.78246277e-04
   2.27909655e-01  -9.48494178e-04   2.99516408e-01   5.62415247e-03
   2.63250812e-03   1.45665066e-01   1.73983907e-04   1.17166232e-03
  -2.75311254e-02   1.73761125e-02   2.05928290e-03   4.80609261e-05
  -2.06586230e+00  -1.50177376e-02   2.22343663e-01   4.86410079e-04
  -5.62415247e-03   4.86410079e-04   2.96511337e-03  -9.51545217e-01
  -1.21172073e-03   4.25046066e-04   5.45824929e-07   1.89651717e-04
   1.13520824e-04   2.99516408e-01  -1.79820623e-03  -2.65209232e-03
   1.68453482e+01   1.68453482e+01   2.22343663e-01   9.51545217e-01
   8.94592158e+00   9.55371526e-05  -3.04730510e-03   8.96391049e-04
  -1.05276760e-03  -1.04080416e-03   5.99656586e-02   7.65786943e-08
   1.07707371e-03   2.11493338e-02   2.11493338e-02   6.71023573e-03
   2.62727292e-06   3.54938104e-01  -7.19946539e-04   7.74939359e-02
   3.25541567e-04   1.70102404e-04   1.18567165e-07   8.77125542e-04
   4.02185078e-01   4.02185078e-01   4.02185078e-01   4.02185078e-01
   6.04114266e-02   3.42883186e-08   2.79096672e-01   2.79096672e-01
  -1.58547941e-03   9.66424936e-02   1.53274381e-03  -6.36290788e-03
   1.31810193e-01   2.30270740e-04   2.05928290e-03   1.41232877e-03
   3.44246345e-04   4.29117642e-04  -2.12724274e-02   3.81635718e-03
   7.39811228e-04   1.27952169e-01   4.66909056e-04   7.76879952e-05
   1.09822817e+00   7.12260921e-03   4.13693250e-02  -5.98652481e-02
   1.82631773e-04   2.65004480e-03   2.29816101e-03   5.65628842e-02
   9.47624087e-04   5.72287556e-01   1.02759058e-03   1.53274381e-03
  -2.47400451e-02   2.03517623e-02   2.76568036e-04  -8.53623411e-01
   2.05992410e-03   7.38935232e-02   9.62411517e-06   1.47996010e-04
   8.85859099e-02   6.04244193e-02   6.49179860e-01   1.24251560e-03
   1.11554468e-04   2.43704979e-04   2.54537193e-01   3.02643707e-04
   1.22788272e-03   8.97949017e-05  -8.61646861e-01   2.30930962e-01
   1.65360092e+01   3.59905247e-03   1.97510754e-01   8.90081140e-02
  -2.71241191e-04  -2.12235779e-01   6.77865822e-01   1.81244399e-01
   1.05276760e-03   6.71023573e-03   6.49179860e-01   2.51059649e-01
   4.24480720e-04   2.49141754e-02   7.79973865e-04   1.28317089e-04
   4.16914210e+00   4.16914210e+00   2.83131760e-04   1.53508737e-01
   2.37745606e-04   2.08275478e-04   5.12426659e-03   1.25287491e-04
   8.22044044e-04   2.07919065e-02   1.15303033e-03   1.37507938e-02
   6.60711603e-04   9.76297125e-02  -6.82669322e-04   2.36221956e-03
   5.84588218e-01   4.17632883e-02   1.29643776e-01   9.66343088e-07
   2.62390733e-04   2.07238710e-03   3.71263870e-01   3.63971641e-08
   1.75103284e+01  -8.48499589e-01   1.51059322e-07   5.51349780e+00
   8.84356168e-04   5.34523660e+03  -9.92246054e-02   1.09234921e-03
   2.38112000e-08   5.59646048e-08  -7.88527365e-04   6.62181176e-08
   2.21804266e-03   1.30591531e-04   5.49330582e-04   9.95582921e-05
   3.65722360e-04  -9.93880765e-02  -2.23091541e-03   1.50947050e-04
   7.61185524e-04  -9.48216006e-02   1.46729896e-02   3.26197987e-04
   7.87192639e-04   9.30806148e-05   4.68151814e-02   3.63894151e-03
   7.94839135e+00   7.94839135e+00   1.30278265e-01   1.02386324e+00
   9.23298829e+01   9.23298829e+01   8.46687457e-04   2.07418779e-02
  -2.50125138e-03  -9.95582921e-05  -7.31224788e-06  -2.28325320e-01
   2.03306187e-02   5.10719761e-03   5.10719761e-03   1.78013121e-03
   1.51623014e-03   1.60900139e+00   1.11674644e-03  -1.16268383e+00
   2.73093857e-07   2.50125138e-03  -1.14048634e-03  -6.72758932e-02
   5.01616187e-01   2.21267445e-04   4.66421656e-07   1.14048634e-03
   5.62810139e-04  -2.43704979e-04   4.25046066e-04   1.18162858e-06
   1.86133717e-04   7.74939359e-02   1.90779102e-04   3.53648544e-01
   6.05009525e-04   9.09669386e-04   7.13432596e+01   4.31468961e-02
   7.33226794e-02  -2.61910803e-04   1.09822817e+00   4.09181351e-04
   8.55938756e+03   4.14801028e-07   2.23091541e-03   1.09602255e-02
   3.56554747e-04   3.29022902e-03  -1.05118820e-05   1.84620048e+00
   8.13395998e-07  -8.14440706e-02   7.39811228e-04   7.44902311e-02
   3.32406863e-03   2.65209232e-03   3.30690042e-01   7.88527365e-04
   1.18439594e-06   2.57755488e-03   4.24603953e-01   6.98121160e-05
  -4.61869150e-02  -6.72532730e-06   4.26151213e-04  -1.11674644e-03
   1.98961574e-04   1.80005726e-04  -8.57591639e-03   1.24251560e-03
   1.33867026e-07   3.84961457e-01   7.23171124e-02  -8.76915169e-04
   6.54882318e-04   2.08836172e-03   2.91896754e-04  -5.79468225e-04
   4.54380971e-03   6.98121160e-05   3.38149023e+01   3.38149023e+01
  -4.24480720e-04   5.79468225e-04   2.65004480e-03   6.35463659e-02
   2.34514752e-04   7.18195977e-01   4.35414409e-01   2.48001586e-04
   1.77971425e-03   4.02764025e-04   9.75394403e-02   5.38788644e-07
  -3.08558022e-01   3.08558022e-01   4.34868424e-02   9.24278919e+01
   9.24278919e+01   1.06419202e-07   4.15036970e-02   4.35017861e-02
  -5.54873822e-01   5.33410070e-01  -1.84200491e-03   4.84611990e-04
   4.84611990e-04   1.41232877e-03   2.61910803e-04   3.80271636e-02]
y_laban [ 0.  0.  0.  0.  0.  1.  0.  0.  0.  0.  0.  0.  0.  1.  0.  0.  0.  1.]
em 1
true_emotion 2
i 535
x [  4.41782510e-02   4.43783880e-01   1.97628039e-01   5.86579957e-01
  -2.32185048e-01   2.66499544e-03   1.05809836e-05   3.12365926e-02
   3.25215916e-03   2.90802600e-02   1.72200080e-01   6.55825103e-02
   8.42498017e-02  -8.90893756e-02  -8.48460795e-03   5.75573892e-01
   9.68877010e-03  -2.97421546e-01   4.21398001e-01  -7.73681094e-03
   1.52349572e-03   1.47200223e-04   1.82212421e-03   4.76483011e-03
   6.18057891e-03   4.50408208e-01   4.50408208e-01   3.91126590e-02
   3.32968131e-06   1.00554461e+00   8.22023996e-02   2.54979528e-02
  -7.50068603e-02   4.04994726e-01   4.04994726e-01   4.04994726e-01
   4.04994726e-01  -4.39509089e-03   1.21303028e-02   2.76304085e+00
   2.66552049e-01   7.06974168e-06   6.92062235e-03   1.97602925e-05
   6.81073021e-02   1.60655283e-04   2.13884331e-03   7.59208842e-01
   7.28814133e-06   2.65889206e-03   1.89714978e-03   9.08808344e-03
   1.62595649e-01   1.05588753e+02   1.05588753e+02   3.56994614e-04
  -3.06704002e-03   2.15946882e-01   1.29592391e+00   1.72374341e-02
   2.83737380e-03   1.08410856e-02   5.20622954e-04   1.29775669e-02
   1.10059983e+00   1.29287500e+02   1.29287500e+02   4.40150803e-05
   1.64861144e-01   1.64861144e-01   5.42009399e-02   2.12787891e-03
   6.87636890e-04   1.84242283e-01   1.96868603e-04   1.31023912e+01
   6.64665325e-04   6.39956558e-04   3.90823094e-03   1.13525115e-04
   2.09261657e-02   3.78416684e-02   5.04542954e-03   1.35042191e-01
   7.50068603e-02   8.42603236e-01   1.00554461e+00   3.90823094e-03
   4.58456503e-02   1.76585482e-04   1.01885439e-03   4.84940628e-03
   1.13827799e+00   5.46314317e+02  -6.19934467e-03  -3.01456108e-01
   9.59690129e-04   4.96433668e-02   1.45244162e-03   6.93996634e-03
  -2.56446164e-03   4.39509089e-03   3.01551444e-03   8.62346864e-02
  -1.98262338e-02   1.04909315e+00   2.67896005e-03   4.62165206e-02
   2.24151623e-03   1.28863942e-04   3.37680078e-02  -4.84940628e-03
   3.59004061e-03   3.38682694e-02   1.76104023e-01   1.16148984e-01
   8.47970640e-01   1.55190072e-01  -1.72805492e-01   6.70990186e-06
   2.14458126e-06  -8.06482507e-04   4.25339992e-03   5.29788359e-01
   1.63768630e-02   9.34156938e-01  -1.18464592e-02   1.11123308e-04
  -7.97465528e-02  -6.92062235e-03   1.61394214e-02   2.65594452e-04
   7.97465528e-02   4.11564904e-04   6.54688850e-02   1.28641947e-04
   5.04482460e-03   6.93996634e-03   1.09472007e-02   7.73681094e-03
   8.57454225e-05   8.38935523e+02   1.95193051e-01   7.89110103e-04
  -5.96776695e-03   2.03418231e-01   1.26172524e-02   4.35050523e-03
  -6.14078546e-03   1.50170741e-01   4.43966606e-04   1.72406004e-05
   7.95813163e-02   7.28104375e-03   7.61934685e-04  -6.79095029e-02
   7.95813163e-02   3.02479362e-03   1.08187604e-02  -8.94499841e-03
   5.05128851e-03   3.40168158e-05   1.29190554e+00   3.07438175e-02
   1.67893467e-01   6.97714384e-01   3.37477717e-03   1.16213984e-02
   2.24151623e-03   1.25889323e-02  -5.86651226e-03   1.32854671e-02
  -1.94949747e-03   8.06482507e-04  -2.40636542e-02   8.75446933e-03
   2.31816793e-06   2.43179687e-06   1.06698989e-02   1.98262338e-02
   2.80491725e-01   3.65094070e-03   9.99184538e+00   1.58789269e-05
   1.38749720e-01   8.62346864e-02   7.12142533e-03   1.66905413e+00
   3.61964252e+00  -8.22877906e-02   6.63342484e-03   1.63768630e-02
   4.34105884e-02   2.83503304e-03   9.75623373e-02  -3.02479362e-03
   8.81777617e+02   1.53443768e-01   2.41131467e-03   3.32729650e-03
   5.61626235e-02   1.16148984e-01  -2.84314839e-03  -1.50521823e-01
   2.93012778e-03  -2.40081044e-02   3.01551444e-03   1.20215732e-03
  -4.81988694e-03   4.99183595e-03   3.70825313e+00   9.97880371e-03
   2.43922890e-01  -1.24170873e-02   3.28863264e-01   2.76904923e-02
   1.55321398e-02  -1.85186572e-02   6.64578272e-04   7.12142533e-03
  -2.95178595e-02   2.10918975e+00   1.24170873e-02   4.87862958e-03
  -7.83558446e+00  -8.31204598e-02   2.47752255e-01   2.84314839e-03
  -2.76904923e-02   2.61448107e-03   2.93012778e-03  -1.80297256e+00
  -1.51905407e-02   3.88300454e-03   2.85889042e-05   1.38466939e-03
   7.45914196e-04   3.28863264e-01  -9.82529684e-03  -1.02455603e-02
   2.20637004e+01   2.20637004e+01   2.47752255e-01   1.80297256e+00
   1.06442156e+01   1.12321524e-03  -2.83840089e-02   6.47376147e-03
  -3.32212855e-03  -1.32584704e-02   4.07202914e-01   2.10202653e-06
   4.15108411e-03   5.12535172e+00   5.12535172e+00   1.90859297e-02
   1.25434925e-05   2.31366470e-01  -3.67552522e-03   1.50639328e-01
   1.08333446e-03   1.46417598e-03   9.74764993e-06   1.73945998e-02
   4.43239145e-01   4.43239145e-01   4.43239145e-01   4.43239145e-01
   1.98290946e-01   9.21053701e-07   1.04476925e+00   1.04476925e+00
  -2.42990439e-03   6.82422705e-02   6.75511537e-03  -3.07438175e-02
   1.45229398e+00   1.90274134e-03   1.20482443e-02   7.25546166e-03
   3.12208993e-03   2.99266801e-03  -1.09587391e-02   5.13415136e-01
   5.59273805e-03   5.54289154e-02   6.91117679e-03   3.27631051e-04
   4.08572738e+00   1.08410856e-02   2.61511153e-02  -5.12668531e-02
   9.77015284e-04   8.51231957e-03   1.20764618e-02   4.68053813e-02
   5.81923889e-03   4.28174677e+00   3.97387552e-03   6.73093848e-03
  -4.69593049e-02   4.37770639e-03   1.44957341e-03  -2.92929231e-01
   1.20764618e-02   2.70520047e-01   1.75160843e-05   3.12415978e-04
   1.85281259e+00   5.21778214e-02   4.38051658e+00   1.32584704e-02
   4.99904714e-04   6.12457255e-04   6.58115971e-01   1.52250496e-03
   2.56905019e-03   2.34560345e-03  -4.08572738e+00   6.50930244e-02
   4.59595104e+01   5.04729600e-05   2.39623441e-01   4.33328075e-01
  -4.48263253e-03  -2.03418231e-01   3.47566416e+00   1.47019195e-01
   4.07396470e-03   2.83840089e-02   4.31045019e+00   1.11836684e+00
   4.14673078e-03   2.37536637e-02   6.49295822e-03   5.26665896e-04
   1.79406333e+00   1.79406333e+00   1.99505254e-03   1.16957575e-01
   5.53512986e-04   9.61143317e-04   5.05128851e-03   4.10263131e-04
   4.07396470e-03   1.54032887e-02   4.88079227e-03   1.46812714e-01
   1.07307068e-03   6.67063662e-02  -4.51168607e-03   2.42990439e-03
   2.64260861e+00   2.58357170e-02   4.97241378e-02   1.15347752e-06
   1.85995568e-03   1.21033278e-02   4.78129539e-01   2.33866066e-06
   4.89456419e+01  -4.08163870e+00   6.96548629e-06   6.99520299e+00
   9.65115052e-04   3.95788877e+03  -1.00293558e-01   4.88079227e-03
   3.11562044e-06   2.10980152e-06  -2.47357275e-03   1.98711353e-06
   3.74477662e-03   1.55921310e-03   2.14067123e-03   2.87773346e-03
   2.87920173e-03  -1.58136359e-01  -9.97866317e-03   5.60367257e-04
   8.21650526e-04  -8.26523200e-02   1.68309733e-02   1.15252200e-03
   3.72461170e-03   1.23316445e-03   1.52766383e-01   3.28968514e-03
   1.69568984e+01   1.69568984e+01   6.43972264e-02   6.52856290e+00
   8.65604372e+01   8.65604372e+01   6.11281400e-03   3.85148596e-02
  -2.87276441e-03  -2.87773346e-03  -9.93236271e-05  -2.54173476e-01
   1.55336162e-02   1.38497294e-01   1.38497294e-01   9.58422786e-03
   6.05026763e-03   6.72916374e+00   3.55125454e-03  -2.50666466e+00
   3.50275434e-05   3.74477662e-03  -7.38694618e-03  -5.98904365e-02
   1.20970196e+01   7.52007050e-04   5.94524304e-06   7.38694618e-03
   3.04417096e-03  -6.12457255e-04   3.88300454e-03   6.85768752e-06
   4.91315682e-04   1.50639328e-01   1.52925071e-03  -6.77951446e-01
   1.16758093e-03   3.14668639e-03   2.97397095e+02   1.69832758e-02
   4.23235392e-02  -7.28695057e-04   3.71103994e+00   5.08772213e-03
   7.78385629e+03   7.41160932e-05   9.97866317e-03   1.49614648e-01
   1.52294440e-03   2.46184334e-03  -7.55545449e-05   1.97380098e+01
   1.36916950e-06  -2.77841806e-01   5.59273805e-03   4.04794312e-02
   6.69019881e-03   1.02455603e-02   1.92559346e+00   3.11856051e-03
   1.99340707e-06   2.86796429e-03   4.26338190e-01   4.38068903e-04
  -2.34899383e-01  -2.62121666e-05   1.85649796e-03  -2.49533701e-03
   8.31673255e-04   7.41886541e-04  -1.32977727e-02   1.06177795e-02
   8.28993651e-06   4.28174677e+00   3.79574959e-01  -7.70774386e-03
   1.41096024e-03   2.14191980e-02   9.92111399e-04  -3.24074491e-03
   2.16116059e-02   4.60610514e-04   1.16144443e+02   1.16144443e+02
  -4.14673078e-03   3.24074491e-03   8.94499841e-03   2.15946882e-01
   1.54524971e-03   6.54421597e-01   1.68506212e-01   1.78731464e-03
   2.25190546e-02   2.08092490e-03   1.22403222e-01   5.68440685e-06
  -3.36231892e-01   3.36231892e-01   1.85794480e-02   8.64165552e+01
   8.64165552e+01   1.32936680e-06   6.91409477e-02   1.76719728e-02
  -4.38051658e+00   6.18306937e-01  -1.37936123e-02   3.02769099e-03
   3.02769099e-03   7.91803726e-03   7.28695057e-04   1.56522935e-02]
y_laban [ 0.  0.  0.  0.  0.  1.  0.  0.  0.  0.  0.  1.  0.  1.  0.  0.  0.  0.]
em 1
true_emotion 2
i 536
x [  1.20728941e-01   4.48438380e-01   2.51057734e-01   5.99888263e-01
  -5.10005292e-01   9.95439732e-04   1.73534141e-06   9.35206708e-02
   1.30289045e-03   2.02879746e-02   2.17219885e-01   1.02931140e-01
   1.10190451e-01  -5.37329579e-02  -3.08970530e-02   6.02703658e-01
   5.76633425e-03  -5.54843099e-01   4.52435064e-01  -4.03831105e-03
   1.81214212e-03   8.32462969e-05   2.58298623e-03   5.69572159e-03
   1.12160179e-02   2.82787121e-01   2.82787121e-01   2.57443204e-02
   6.82015161e-06   1.11447084e+00   4.32753451e-02   1.74398979e-02
  -9.45331190e-02   3.27433784e-01   3.27433784e-01   3.27433784e-01
   3.27433784e-01  -7.59477877e-03   8.96687292e-03   1.80709687e+00
   2.53765847e-01   2.21699486e-06   1.12160179e-02   6.30494717e-05
   1.36455532e-01   4.90411942e-05   1.01546280e-03   4.80890523e-01
   1.52117508e-06   1.48180616e-03   2.08543134e-03   7.16194858e-03
   1.27336256e-01   1.20649693e+02   1.20649693e+02   2.72324422e-04
  -2.10186062e-03   6.88419756e-02   5.16077585e-01   1.56665577e-02
   3.89292653e-03   3.08970530e-02   5.79646091e-04   1.07227594e-02
   5.29208778e-01   1.38850771e+02   1.38850771e+02   1.61586901e-05
   1.10777833e-01   1.10777833e-01   6.64235838e-02   1.17043332e-03
   6.77740524e-04   1.73121939e-01   1.45165920e-04   6.64271607e+00
   8.43962573e-04   4.49541471e-04   2.36240143e-03   8.77585792e-05
   3.72510222e-02   4.64308846e-02   5.69572159e-03   1.23715852e-01
   9.45331190e-02   1.01334779e+00   1.11447084e+00   2.36240143e-03
   5.04657237e-02   4.66810305e-05   1.07006315e-03   6.36228729e-03
   7.18384946e-01   4.57008172e+02  -3.79846031e-03  -1.66974590e+00
   1.18741303e-03   1.19416444e-01   1.78857467e-03   2.99387039e-03
  -6.30563592e-03   9.09005968e-03   6.30563592e-03   3.14001231e-03
  -6.41030566e-03   7.27467365e-01   1.22579811e-03   5.08758401e-02
   1.84380734e-03   7.76432625e-04   3.76126222e-02  -6.01255376e-03
   9.09005968e-03   3.32101659e-02   2.53941722e-01   1.50539152e-01
   6.34552398e-01   2.27829690e-01  -2.00589910e-01   1.14425866e-05
   1.80647220e-06  -6.16880264e-04   6.36228729e-03   7.79636501e-01
   1.02154123e-02   6.32020910e-01  -9.43230013e-03  -5.30798492e-04
  -7.97765105e-02  -9.99488825e-03   1.42739115e-02   1.91454593e-04
   9.42524308e-02   2.94804442e-04   7.79786177e-02   9.49073931e-05
   3.18418729e-03   3.15451802e-03  -1.78987593e-02   4.03831105e-03
   6.02053600e-05   1.24152200e+03   2.61180153e-01   9.63651245e-04
  -1.04166010e-02   2.27528980e-01   6.97061163e-03   7.92952303e-03
  -3.15451802e-03   1.40045955e-01   4.19399548e-04   6.67138631e-06
   7.46147578e-02   1.00170078e-01   6.19401415e-04  -5.80322519e-02
   7.46147578e-02   2.32024666e-03   5.21620857e-03  -5.06080692e-03
   5.61613970e-03   3.43303006e-05   9.48301691e-01   2.40729345e-02
   2.58669179e-01   4.65701356e-01   1.81671095e-03   8.63073284e-03
   2.33528029e-03   2.88611795e-02  -5.14988226e-03   6.72115949e-03
  -2.33528029e-03   6.19401415e-04  -2.42882742e-02   1.00699853e-01
   2.71700749e-06   1.05994104e-06   4.96038497e-03   1.07227594e-02
   2.94243671e-01   4.75551809e-03   6.82155300e+00   3.96786762e-06
   2.23945970e-01   3.14001231e-03   1.04166010e-02   8.99276097e-01
   2.55728549e+00  -2.40219744e-01   3.66668757e-03   1.02154123e-02
   6.40242425e-02   2.11636367e-03   9.10156194e-02  -2.32024666e-03
   6.67873889e+02   1.50033945e-01   2.60997616e-03   1.56340117e-03
   5.52466582e-02   1.50539152e-01  -1.88655977e-03  -1.18127826e-01
   2.41437216e-03  -1.69785317e-02   5.26627063e-03   1.13827504e-03
  -7.41256152e-03   4.52574716e-03   1.97888935e+00   6.88710256e-03
   2.35551113e-01  -8.37624201e-03   3.16730933e-01   2.79963073e-02
   1.23997386e-02   1.02119025e-01   1.09996286e-03   9.36124970e-03
  -6.42890482e-02   8.86318272e-01   8.83746952e-03   1.31442872e-03
  -4.57821143e+00  -2.39858821e-01   2.30355254e-01   1.88655977e-03
  -2.79963073e-02   1.81476154e-03   2.45001661e-03  -2.34099845e+00
  -5.96280441e-03   2.53036984e-03   1.45963743e-05   1.08220003e-03
   6.96120780e-04   3.16730933e-01  -1.36113569e-02  -8.72876091e-03
   2.06081472e+01   2.06081472e+01   2.30355254e-01   3.18777596e+00
   1.68820363e+01   6.33073070e-04  -2.62780422e-02   4.64708076e-03
  -2.90037912e-03  -8.12610447e-03   4.75037887e-01   1.35367428e-06
   2.56899761e-03   2.67529635e+00   2.67529635e+00   1.37829671e-02
   3.96460387e-06   2.32557321e-01  -4.53545524e-03   1.32603911e-01
   1.40537661e-03   1.34402659e-03   3.18288931e-06   4.69620745e-03
   4.23498399e-01   4.23498399e-01   4.23498399e-01   4.23498399e-01
   2.90898765e-01   1.40998521e-06   8.23358681e-01   8.23358681e-01
  -2.72656573e-03   1.33653176e-01   4.89133349e-03  -2.40729345e-02
   9.41442880e-01   1.09331794e-03   8.83746952e-03   1.34860469e-02
   1.78404266e-03   1.96066613e-03  -5.70632487e-02   2.29330736e-01
   6.67515763e-03   9.50987157e-02   3.39739840e-03   2.91909123e-04
   3.31398755e+00   9.61453693e-03   4.08106278e-02  -5.08939744e-02
   8.10230895e-04   3.94010939e-03   1.45421715e-02   4.67729070e-02
   5.85914418e-03   3.95163419e+00   1.98040361e-03   3.90129562e-03
  -3.58712742e-02   2.07352799e-02   1.16330538e-03  -1.27957404e+00
   1.45421715e-02   4.31431069e-01   1.14086316e-05   3.76760625e-04
   1.07816929e+00   7.31248014e-02   3.27619151e+00   8.12610447e-03
   4.46601693e-04   3.59904039e-04   1.00158723e+00   1.64795542e-03
   4.29984415e-03   1.24756172e-03  -2.65107128e+00   4.04606992e-03
   4.21913763e+01   6.24722037e-04   2.26432283e-01   1.04884077e+00
  -5.17907315e-03  -1.97337839e-01   2.25349489e+00   2.21966920e-01
   2.90037912e-03   2.62780422e-02   3.27619151e+00   4.60430213e-01
   2.54915253e-03   1.55834617e-02   3.98380309e-03   5.85929473e-04
   1.35914595e+01   1.35914595e+01   1.90876772e-03   1.07301951e-01
   3.34781845e-04   9.50914239e-04   7.03098048e-03   3.27371101e-04
   2.66714710e-03   3.26135574e-02   5.54319858e-03   1.08361649e-01
   9.96376009e-04   1.33034965e-01  -6.63128655e-03   2.80455504e-03
   1.65029584e+00   4.06747256e-02   1.25713889e-01   1.22501482e-06
   1.32794865e-03   1.17688567e-02   4.15078271e-01   2.33274533e-06
   3.96989360e+01  -2.45411327e+00   3.24892785e-06   1.96546593e+01
   1.16130680e-03   4.22184932e+03  -7.09422008e-02   5.43527896e-03
   2.20990436e-06   3.19901980e-06  -3.25979908e-03   1.13581704e-05
   4.80299340e-03   1.02953225e-03   2.59722966e-03   1.24756172e-03
   1.70920396e-03  -1.14066086e-01  -7.90196609e-03   3.41477018e-04
   9.00023711e-04  -3.53377278e-01   1.68729465e-02   1.09851758e-03
   4.68768249e-03   9.09301457e-04   1.41519483e-01   4.67980363e-04
   1.74353751e+01   1.74353751e+01   1.27154722e-01   4.12005991e+00
   9.16154025e+01   9.16154025e+01   4.19497462e-03   5.52441428e-05
  -3.94307432e-03  -1.12389334e-03  -1.08757454e-05  -1.95326704e-01
   3.27702976e-02   6.48484712e-02   6.48484712e-02   7.50946818e-03
   4.56803028e-03   1.78345213e+00   3.22860281e-03  -3.47167761e+00
   8.04434467e-06   4.80299340e-03  -4.32041327e-03  -3.55745559e-02
   5.48915328e+00   7.40579530e-04   2.18287584e-05   4.32041327e-03
   2.86554493e-03  -3.59904039e-04   1.98271850e-03   5.69207569e-06
   5.08417669e-04   1.32603911e-01   1.52730923e-03   3.07546336e+00
   1.99396819e-03   4.47851187e-03   3.36266405e+02   1.02614406e-02
   9.27776251e-02  -8.26586351e-04   3.31398755e+00   2.27200523e-03
   8.61255223e+03   1.92474737e-05   7.90196609e-03   1.91002921e-01
   8.28468574e-04   2.52760484e-03   1.35711592e-05   5.28893845e+00
   1.34136123e-06  -1.84102498e-01   6.67515763e-03   9.12249614e-02
   3.82355357e-03   8.72876091e-03   1.40301855e+00   3.25979908e-03
   2.40565328e-06   2.69046347e-03   4.16528655e-01   3.66710962e-04
  -2.33550883e-01   4.79967690e-06   1.04877217e-03  -2.89760452e-03
   4.79878733e-04   8.61228347e-04  -1.96679995e-02   5.76550983e-03
   2.92140170e-06   2.88176823e+00   5.01410595e-01  -7.29619401e-03
   1.48636257e-03   2.84720825e-02   1.10366332e-03  -3.07226914e-03
   9.72047735e-03   3.66710962e-04   7.70944573e+01   7.70944573e+01
  -2.26720061e-03   3.07226914e-03   5.06080692e-03   1.66827630e-01
   1.65153337e-03   6.61156144e-01   2.60133353e-01   1.70513477e-03
   1.16732209e-02   1.05559878e-03   1.14221245e-01   2.32801961e-06
  -3.59801691e-01   3.59801691e-01   3.00531315e-02   9.15830556e+01
   9.15830556e+01   1.20676707e-06   7.04936471e-02   1.04377863e-02
  -2.33321467e+00   5.70601131e-01  -1.68348131e-02   1.19223777e-03
   1.19223777e-03   1.34860469e-02   8.59054109e-04   2.54521169e-02]
y_laban [ 0.  0.  0.  0.  0.  0.  0.  0.  0.  0.  0.  1.  0.  1.  0.  0.  0.  1.]
em 1
true_emotion 2
i 537
x [  1.05543868e-01   4.12805274e-01   2.45292279e-01   5.70200760e-01
  -3.08869379e-01   1.22106864e-03   2.52809589e-06   7.41456162e-02
   1.57342497e-03   1.94174958e-02   2.16705623e-01   1.06752097e-01
   1.10392573e-01  -4.98364912e-02  -5.33472657e-03   5.95935421e-01
   1.29260782e-02  -3.49603488e-01   4.56341525e-01  -3.03468632e-03
   2.03180852e-03   1.04321004e-04   2.55932480e-03   6.02703476e-03
   4.52136558e-03   3.61899079e-01   3.61899079e-01   4.66620236e-02
   6.94142084e-06   1.10948353e+00   7.34603093e-02   1.71097563e-02
  -9.18596182e-02   3.25542790e-01   3.25542790e-01   3.25542790e-01
   3.25542790e-01  -5.84206922e-03   1.02135210e-02   1.94024619e+00
   2.54312770e-01   2.36404961e-06   5.46058023e-03   3.81904047e-05
   1.32888565e-01   4.39906652e-05   1.19672453e-03   3.93032817e-01
   2.11350116e-06   1.49805487e-03   1.06958786e-03   8.37163768e-03
   1.23679321e-01   1.20007413e+02   1.20007413e+02   2.51516603e-04
  -1.15624733e-03   6.97006465e-02   3.02233693e-01   1.35567922e-02
   2.78637154e-03   2.05962258e-02   3.88178368e-04   8.67073008e-03
   3.49097683e-01   1.37748432e+02   1.37748432e+02   1.67601393e-05
   1.08031686e-01   1.08031686e-01   7.34510419e-02   1.27078208e-03
   5.78877499e-04   1.65334895e-01   1.19281277e-04   6.18036198e+00
   4.94183994e-04   3.97550544e-04   1.58972957e-03   7.61343160e-05
   2.39967881e-02   4.06152329e-02   6.02703476e-03   1.16710590e-01
   9.18596182e-02   1.01750531e+00   1.10948353e+00   1.58972957e-03
   3.77331363e-02   3.33587782e-05   6.12142634e-04   2.92580393e-03
   5.49753057e-01   1.95186167e+03  -3.56679114e-03  -6.01280954e-01
   7.61685878e-04   1.24502228e-01   8.98603690e-04   2.39607809e-03
  -2.03789597e-03   5.84206922e-03   2.29958256e-03   4.79317383e-02
  -3.09408679e-03   5.90750919e-01   1.45377618e-03   3.68458807e-02
   8.13565077e-04   1.13350287e-03   4.31672247e-02  -2.41817803e-03
   5.29169514e-03   4.47844652e-02   2.60999172e-01   9.20385995e-02
   4.37323362e-01   2.42637321e-01  -2.09243532e-01   1.07978905e-05
   1.88467389e-06  -4.19951067e-04   2.92580393e-03   8.29569767e-01
   5.06416706e-03   4.18621181e-01  -1.22988272e-02  -1.22850885e-04
  -9.08843776e-02  -5.46058023e-03   1.18279720e-02   1.96073509e-04
   9.86453029e-02   3.00685695e-04   7.62388979e-02   8.99070399e-05
   3.28466073e-03   2.39607809e-03  -2.51725429e-02   3.53331851e-03
   6.03671287e-05   6.49500889e+02   2.58735465e-01   5.62134929e-04
  -5.37902942e-03   2.33836282e-01   6.35515056e-03   5.53659355e-03
  -2.08514219e-03   8.00760467e-02   3.17821618e-04   2.77149242e-06
   7.14871464e-02   1.02214338e-01   5.14026432e-04  -3.20125640e-02
   7.14871464e-02   9.11370454e-04   5.22028170e-03  -3.64300880e-03
   3.69130712e-03   2.27831640e-05   6.33723360e-01   1.44147912e-02
   2.60818859e-01   4.48950709e-01   1.25413083e-03   6.83125637e-03
   8.71038723e-04   2.51492625e-02  -3.18105287e-03   5.75346677e-03
  -8.71038723e-04   5.14026432e-04  -1.09106075e-02   1.00122332e-01
   1.70877552e-06   1.34770622e-06   4.19857753e-03   8.67073008e-03
   2.23378839e-01   3.96179496e-03   6.17521297e+00   2.82253147e-06
   2.42319253e-01   4.79317383e-02   5.38341753e-03   4.01609308e-01
   2.46945388e+00  -2.00342627e-01   3.22035350e-03   6.53682033e-03
   6.32519134e-02   6.98822182e-04   6.85925685e-02  -9.11370454e-04
   2.84650066e+03   6.55770224e-02   1.23554404e-03   1.42609728e-03
   4.95516146e-02   1.10916792e-01  -1.32975106e-03  -2.06241479e-01
   1.51625653e-03  -1.52512135e-02   2.29958256e-03   7.09924674e-04
  -2.19174133e-03   3.74149931e-03   3.72930200e+00   5.77587978e-03
   2.27501100e-01  -8.31017450e-03   2.95269581e-01   1.95504529e-02
   9.79458641e-03   1.84168697e-01   1.15426212e-03   5.38341753e-03
  -3.60271033e-02   3.36036132e-01   8.31017450e-03   2.42859068e-03
  -4.25406801e+00  -1.99960127e-01   2.21100396e-01   1.56532124e-03
  -1.95504529e-02   1.56532124e-03   1.93434554e-03  -1.85881724e+00
  -1.17229068e-02   1.34313264e-03   2.30983622e-05   9.82374313e-04
   5.17092065e-04   2.95269581e-01  -1.29803484e-02  -4.34720822e-03
   3.29217583e+01   3.29217583e+01   2.21100396e-01   1.85881724e+00
   1.42975750e+01   8.76514272e-04  -2.02888672e-02   3.72628005e-03
  -3.35968482e-03  -1.02173363e-02   2.50133986e-01   6.66261863e-07
   1.65451688e-03   1.45665912e+00   1.45665912e+00   1.62534462e-02
   1.07903711e-05   1.90296056e-01  -2.12664639e-03   7.93340378e-02
   7.74931247e-04   1.37283423e-03   3.14482956e-06   9.32833397e-03
   4.18358118e-01   4.18358118e-01   4.18358118e-01   4.18358118e-01
   1.84843352e-01   5.80179327e-07   1.04107055e+00   1.04107055e+00
  -2.33823529e-03   1.29246029e-01   2.67966278e-03  -1.44147912e-02
   5.79679574e-01   1.34640700e-03   7.29263579e-03   2.02670561e-02
   1.77335924e-03   1.78833932e-03  -3.67251144e-02   1.71002174e-01
   4.89079334e-03   1.17030836e-01   5.55316535e-03   2.40259272e-04
   2.40764372e+00   2.05962258e-02   3.95875858e-02  -9.28158265e-03
   6.29176815e-04   3.29356826e-03   1.22988272e-02   3.10149534e-02
   4.70568169e-03   2.25110533e+00   1.66959149e-03   2.41619723e-03
  -3.49085915e-02   2.14204916e-02   8.16195618e-04  -1.32446902e+00
   1.07245377e-02   2.30170034e-01   4.43104997e-05   2.85208786e-04
   1.46620220e+00   7.52120862e-02   2.23847544e+00   1.02173363e-02
   3.75974519e-04   3.98116642e-04   1.06460673e+00   1.30709700e-03
   5.41374491e-03   5.57889699e-04  -2.35027595e+00   1.04413115e-02
   2.89429061e+01   6.71453666e-03   1.69681075e-01   1.16402742e+00
  -4.17460729e-03  -1.01085164e-01   2.06009375e+00   2.18477150e-01
   3.46113759e-03   2.02888672e-02   2.23847544e+00   3.52650651e-01
   1.34287235e-03   1.29816738e-02   6.10269547e-03   5.38342046e-04
   1.49016823e+01   1.49016823e+01   1.38001347e-03   9.71980834e-02
   3.20770442e-04   9.45978076e-04   3.89559376e-03   2.76206096e-04
   3.46113759e-03   3.07467017e-02   5.25192086e-03   1.00924233e-01
   1.47027343e-03   1.30618565e-01  -4.89079334e-03   2.33823529e-03
   1.63602935e+00   3.99122505e-02   1.32679980e-01   2.52002611e-06
   1.09479585e-03   8.63106487e-03   4.89454220e-01   1.94049269e-06
   3.84513398e+01  -9.33662442e+00   1.67834742e-06   5.16163091e+00
   1.74813784e-03   7.12388013e+03  -5.40337860e-02   5.10391827e-03
   1.42033956e-06   8.07488616e-07  -2.19723900e-03   6.82747894e-07
   2.99576401e-03   1.16090650e-03   2.77298148e-03   6.55088012e-04
   1.95335313e-03  -1.45482093e-01  -7.42440590e-03   3.05848677e-04
   1.31524935e-03  -2.44539881e-01   1.46778719e-02   1.46587905e-03
   2.12664639e-03   8.77623437e-04   1.36638151e-01   6.16854894e-03
   1.61038379e+01   1.61038379e+01   1.35152209e-01   5.56975083e+00
   9.74666248e+01   9.74666248e+01   2.67060222e-03   0.00000000e+00
  -3.52805407e-03  -6.55088012e-04  -2.30939587e-04  -1.92905179e-01
   3.02613413e-02   7.65611318e-02   7.65611318e-02   6.58656907e-03
   5.41374491e-03   2.11491360e+00   1.28798397e-03  -1.63897721e+00
   2.62698800e-05   3.52805407e-03  -4.71727796e-03  -4.05785194e-02
   4.28774953e+00   1.05031654e-03   1.47524723e-07   6.10269547e-03
   2.36353963e-03  -3.98116642e-04   1.16371164e-03   1.14440518e-05
   4.99139198e-04   7.93340378e-02   1.39301485e-03   2.84397660e-01
   1.61389817e-03   2.08133544e-03   2.79932666e+02  -2.98520598e-03
   1.01990271e-01  -6.31075156e-04   2.40764372e+00   4.20227426e-03
   9.76864727e+03   5.34533145e-05   7.42440590e-03   6.94457141e-02
   9.60257650e-04   3.53051250e-03  -1.66507287e-04   1.11038157e+01
   1.83662378e-06  -2.26246351e-01   4.14260173e-03   1.05449585e-01
   2.19684488e-03   4.34720822e-03   1.92233813e+00   2.19723900e-03
   4.79592538e-06   4.91782217e-03   4.00782898e-01   4.82613579e-04
  -2.28449996e-01  -5.34618137e-05   1.24883132e-03  -1.28798397e-03
   3.91183382e-04   7.00916885e-04  -2.35180189e-02   8.83985127e-03
   3.81705897e-06   1.28436322e+00   3.16452077e-01  -4.51402812e-03
   2.09174162e-03   1.54605569e-02   1.14180162e-03  -1.87072322e-03
   1.08410782e-02   4.82613579e-04   4.60421420e+01   4.60421420e+01
  -1.34287235e-03   2.36353963e-03   3.64300880e-03   1.16619823e-01
   1.85775349e-03   6.31093981e-01   1.98055845e-01   9.58141706e-04
   1.48398409e-02   1.29861989e-03   1.08787799e-01   1.08915255e-06
  -3.77523830e-01   3.77523830e-01   3.42984393e-02   9.72596653e+01
   9.72596653e+01   2.14880892e-06   4.90472213e-02  -2.72494459e-03
  -1.90258393e+00   6.27343895e-01  -7.52744796e-03   5.81992425e-03
   5.81992425e-03   2.02670561e-02   6.65772850e-04   2.98815791e-02]
y_laban [ 0.  0.  0.  0.  0.  1.  0.  0.  0.  0.  0.  1.  0.  0.  0.  0.  0.  1.]
em 1
true_emotion 2
i 538
x [  3.59399702e-04   5.24224930e-01  -6.58061043e-02   6.64385749e-01
   2.42409265e-03   3.91815471e-04   3.39092265e-07  -4.57177014e-03
   4.82994362e-04   2.47332281e-03  -1.06731588e-01   1.67151717e-02
   3.00556217e-02  -4.77871583e-02  -2.82957324e-03   8.55149498e-01
   3.99038328e-03   0.00000000e+00   7.88935188e-01  -3.83655883e-04
   9.23789462e-04   1.10597668e-05   1.21777970e-03   4.80484101e-04
   1.85985796e-03   9.57917317e-01   9.57917317e-01   2.00082957e-02
   1.49691761e-06   8.94323036e-01   3.41446110e-02   8.31624060e-03
   3.82662160e-03   2.91449186e-01   2.91449186e-01   2.91449186e-01
   2.91449186e-01  -1.36107446e-03   3.12371978e-03   6.29357842e-01
   1.31447778e-01   9.96334147e-08   1.85985796e-03   1.87856992e-06
   1.96653082e-02   6.23049611e-06   7.71073764e-04   1.13867111e-01
   1.89399153e-06   3.06854298e-04   6.44208453e-04   2.03575938e-03
   4.50819522e-02   9.29420534e+01   9.29420534e+01   3.71747540e-05
  -2.57813446e-04   5.71964426e-03   3.18187307e-02   1.61227512e-03
   1.90988541e-04   4.25890662e-03   1.32466122e-04   7.08215381e-03
   2.23733622e-02   9.38492947e+01   9.38492947e+01   5.86386600e-06
   8.54558597e-02   8.54558597e-02   4.29124427e-02   1.90577487e-04
   1.69466784e-04  -2.94314000e-02   3.05910354e-05   6.80289714e-01
   1.11623296e-04   6.13879122e-05   3.33881734e-04   1.73621248e-05
   3.23712051e-03   4.18743272e-03   7.10824577e-04   1.19308572e-01
   2.13898999e-02   6.88570314e-01   8.94323036e-01   3.33881734e-04
   2.33081485e-02   1.26208187e-05   1.17348382e-04   8.36859247e-04
   1.78117595e-01   1.08790118e+03  -1.22378594e-03   1.04969478e+00
   2.70781035e-04   7.78303320e-03   2.07671440e-04   3.36873055e-04
  -8.23381380e-04   3.32031167e-03   9.91862431e-04   1.04879600e-01
  -3.06338807e-03   1.49149950e-01   1.25683354e-03   2.36262568e-02
   1.05874599e-03   1.06731588e-01   5.39064374e-03  -7.52613496e-04
   3.32031167e-03   1.83454893e-02   1.69053928e-01   7.08145563e-03
   1.04999418e-01   1.30400998e-01  -2.85266384e-02   5.62782436e-07
   1.66230405e-08  -1.20182473e-04   8.36859247e-04   4.04231785e-01
   6.15630454e-04   8.36645396e-02  -2.52895167e-03  -5.09604870e-04
   2.07334112e-03  -1.37738525e-03   2.72221537e-03   5.12880221e-05
   2.23518349e-02   7.64272203e-05   5.49832635e-02   3.11754276e-05
   1.59006169e-03   3.57426347e-04   1.25317939e-02   1.42222401e-03
   2.06910477e-05   3.47260081e+03  -9.49794663e-02   2.13543587e-04
  -2.26080618e-03   5.56050757e-02   2.32856913e-03   1.35225731e-03
  -3.57426347e-04  -9.07564767e-02   3.63289158e-05   1.65428211e-06
   7.23928293e-02  -1.36186791e-01   1.23606740e-04   1.02312661e-04
   7.23928293e-02   5.40927931e-04   1.57715112e-03  -1.91698983e-03
   1.71499323e-03   1.40817169e-06   1.51001256e-01   8.70733449e-03
   2.34656618e-01   1.11113995e-01   1.04243945e-03   1.89521025e-03
   1.05874599e-03   3.18262890e-03  -5.80051392e-04   3.44389081e-03
  -7.38847968e-04   1.23606740e-04  -3.02672116e-03  -1.35128539e-01
   2.37662126e-07   6.23380310e-09   2.31047180e-03   7.08215381e-03
   7.17406286e-02   1.01194252e-03   1.95579481e+00   4.79347853e-07
   1.79155665e-01   1.04879600e-01   2.26080618e-03   2.28168110e-02
   8.24792221e-01   7.27034319e-03   2.34675577e-03   6.15630454e-04
   4.46946109e-02   5.40927931e-04   3.41333241e-02  -5.28809052e-04
   1.19428338e+03   6.70160816e-02   8.28740739e-04   4.05920947e-04
   4.94266750e-03   6.89431140e-02  -1.82219633e-04  -2.66696731e-02
   1.52691005e-03  -5.18502341e-03   9.91862431e-04   3.31884970e-04
  -7.60248373e-04   8.74909992e-04   4.07583527e+00   1.42221020e-03
   1.01185867e-01  -1.85634306e-03   2.93666258e-01   8.31624060e-03
   2.59145122e-03   1.35866616e+00   6.58061043e-02   1.60727112e-03
   1.07082881e-02   1.54653223e-02   1.85634306e-03   1.04269444e-03
  -6.83276100e-01   7.21705622e-03   2.19711032e-01   2.01088363e-04
  -2.87301238e-03   2.01088363e-04   1.66780878e-03  -7.27654765e-01
  -3.09357596e-03   3.80627958e-04   2.05412291e-06   2.98406135e-04
   6.68767348e-05   2.93666258e-01  -5.64312156e-04  -2.43771933e-03
   3.22425500e+01   3.22425500e+01   2.19711032e-01   7.27654765e-01
   4.79974128e+00   5.57531977e-05  -6.59180650e-03   6.41172009e-04
  -4.63913787e-04  -1.00881374e-04   5.22026591e-02   3.36846825e-07
   1.28346265e-03   1.07968462e-01   1.07968462e-01   1.43702790e-03
   1.02767721e-06   1.95500440e-01  -9.39800013e-04   4.79198511e-02
   1.83077090e-04   1.28929069e-04   4.70159229e-07   5.84764989e-03
   3.41543372e-01   3.41543372e-01   3.41543372e-01   3.41543372e-01
   5.04879778e-02   7.36124155e-08   2.70238549e-01   2.70238549e-01
  -2.41375595e-03   7.72018890e-02   2.11047304e-03  -3.89443073e-03
   1.24356861e-01   4.05190985e-04   1.47157980e-03   8.45732789e-05
   6.85241270e-04   4.74171598e-04   4.61229752e-03   1.84358538e-02
   3.72772621e-04   9.31051821e-02   3.96521241e-03   5.30632660e-05
   6.21487773e-01   4.25890662e-03   1.48932738e-02   1.25797107e-02
   3.75312303e-04   1.45282255e-03   2.52895167e-03   3.40827090e-02
   9.34794395e-04   6.64345544e-01   6.91427691e-04   2.11047304e-03
  -2.89733321e-02   1.85391189e-02   5.80264763e-04  -1.98142464e+00
   4.45922501e-04   4.15259047e-02   3.98700022e-05   2.03078067e-04
   1.38728698e-01   3.56691407e-02   5.34458913e-01   1.29678199e-03
   8.03508483e-05   8.42582299e-05   5.21630359e-01   4.87432986e-04
   6.83480183e-04   4.97187226e-04  -6.21487773e-01   2.15290477e-01
   8.72215243e+00   2.74765446e-02   1.53666040e-02   2.72756143e-01
  -1.65469865e-03  -5.38884655e-02   6.50961491e-01  -1.39481673e-01
   4.63913787e-04   6.59180650e-03   5.34458913e-01  -5.43758018e-01
   3.64968364e-04   2.43984653e-03   4.61601487e-04   9.94509239e-05
   2.86154600e+01   2.86154600e+01   5.10054509e-04   3.82888807e-02
   8.42582299e-05   3.06047398e-04   1.71499323e-03   5.64346725e-05
   3.17504231e-04   2.22220970e-02   6.81475227e-04   2.77737902e-02
   1.32293622e-03   7.65371223e-02  -3.72772621e-04   3.46111078e-03
   4.79222770e-01   1.48623073e-02   1.35128539e-01   3.07894140e-06
   3.13778993e-04   5.02369069e-04   4.49809367e-01   1.31965722e-08
   1.04478502e+01  -1.43581970e+00   4.09694384e-07   1.46345327e+00
   1.31102335e-03   8.13442611e+03   1.06434217e-03   6.81475227e-04
   4.08409248e-09   4.31274883e-08  -2.90477230e-04   5.12216022e-06
   1.74034152e-03   7.89479483e-05   5.82437081e-04   4.97187226e-04
   5.34672967e-04  -8.57807566e-02  -1.26704855e-03   1.32948121e-04
   1.21852536e-03  -1.52665422e-01   1.01597998e-02   1.04780997e-03
   1.06134629e-03   4.23916840e-05   4.56687769e-02   5.69701251e-04
   2.72436393e+01   2.72436393e+01   1.36186791e-01   4.36522696e+00
   9.11740271e+01   9.11740271e+01   1.30599990e-04   1.35135284e-02
  -1.35652557e-03  -4.77933226e-04   2.70060472e-04   1.49814170e-02
   2.20792397e-02   1.02245562e-02   1.02245562e-02   1.75523851e-03
   8.54784807e-04   1.32576594e+01   1.79759396e-03  -1.09415007e+00
   4.97512988e-07   1.74034152e-03  -3.71746162e-04  -3.39152437e-03
   4.32940360e-01   6.29786861e-04   1.23510869e-08   4.61601487e-04
   2.11893126e-04  -8.37557623e-05   7.72966088e-05   1.10400359e-08
   2.90553502e-04   4.79198511e-02   1.14858629e-04   1.76308108e-01
   2.39847939e-03   7.87423311e-04   8.24899220e+02  -2.32120206e-02
  -1.55871531e-01  -4.94681334e-05   4.03577511e-01   5.50919494e-04
   8.31421572e+03   3.69209765e-05   1.75523851e-03   4.52726091e-02
   9.45218345e-04   1.40244972e-03   2.05140918e-04   5.73864890e+00
   1.66245218e-06  -2.36595075e-01   3.43262820e-04  -1.56947104e-01
   2.39768586e-04   2.47949220e-03   1.49327209e+00   4.19144559e-04
   3.37213741e-06   3.60944267e-03   2.66211192e-01   4.48386734e-05
  -1.77308435e-01   6.83177050e-05   1.27507251e-03  -1.42519305e-03
   1.72311501e-04   1.30521582e-04   3.15577228e-03   1.29678199e-03
   2.86775940e-07   6.64345544e-01   1.18213666e-01  -2.09359221e-04
   1.63534085e-03   5.50723549e-03   4.99797776e-04  -2.91842092e-04
   8.70733449e-03   4.62210327e-05   2.61984660e+01   2.61984660e+01
  -7.57518011e-05   2.91842092e-04   1.91698983e-03   1.31944881e-02
   7.21616233e-05   6.60456642e-01   2.66440845e-01   5.40103798e-04
   1.32829840e-02   2.25139432e-04   1.05465998e-01   7.88911948e-07
  -3.19057204e-01   3.19057204e-01   2.48044030e-02   9.11941155e+01
   9.11941155e+01   1.10001042e-06   3.60570789e-02  -2.35630924e-02
  -3.65741101e-01   6.00497198e-01  -3.15739480e-03   4.91540029e-05
   4.91540029e-05   8.14549221e-04   4.94681334e-05   3.21395993e-02]
y_laban [ 0.  1.  0.  0.  0.  0.  0.  0.  1.  0.  0.  0.  0.  0.  0.  0.  0.  0.]
em 0
true_emotion 3
i 544
x [  2.13223415e-02   5.20307020e-01   1.41248214e-01   6.60772686e-01
   5.16744534e-03   9.45680929e-04   1.49248231e-06   3.69780918e-03
   1.21753374e-03   2.56724355e-03   2.67597443e-02   5.46495437e-02
   7.87661502e-02  -3.36593012e-02  -1.21735951e-02   8.29871842e-01
   7.07456202e-03   0.00000000e+00   7.38586322e-01  -2.13839738e-03
   6.82942051e-04   4.76020195e-06   1.04739311e-03   1.55567629e-03
   4.06049548e-03   4.60039054e-01   4.60039054e-01   2.90837924e-02
   1.15796365e-06   8.47140423e-01   4.59459954e-02   5.33265785e-03
  -4.95783812e-03   3.01192247e-01   3.01192247e-01   3.01192247e-01
   3.01192247e-01  -1.31798694e-03   1.88811926e-03   3.42921264e-01
   9.21214725e-02   4.03702952e-08   4.50514458e-03   2.00673099e-05
   5.54669769e-02   7.06922776e-07   1.10237234e-04   1.60276443e-01
   5.41241965e-08   1.99241123e-04   4.41444554e-04   1.43357751e-03
   4.76745600e-02   8.61887341e+01   8.61887341e+01   1.25939719e-04
  -1.21369157e-03   1.15452074e-02   7.05637246e-02   1.82364888e-03
   4.97083344e-04   1.51102968e-02   1.85971902e-04   1.48294027e-02
   5.72903009e-02   9.23204622e+01   9.23204622e+01   4.36379133e-05
   9.10292044e-02   9.10292044e-02   2.77295928e-02   1.08188751e-04
   1.81195291e-04  -4.53514387e-02   7.83203013e-05   2.63953482e-01
   1.89046672e-04   2.47156701e-04   1.31559805e-03   4.14358488e-05
   8.07602823e-03   1.32994404e-02   1.67716987e-03   1.23430446e-01
   5.14477484e-02   6.22448794e-01   8.47140423e-01   1.31559805e-03
   2.13981568e-02   8.06511579e-06   1.84304561e-04   1.09710888e-03
   2.65637994e-01   3.44355154e+03  -5.15871056e-04   1.35249016e+00
   2.97998521e-04   3.18507252e-02   3.10792620e-04   1.32327011e-03
  -1.03827775e-03   2.84516790e-03   1.03827775e-03   9.37883639e-02
  -1.51712236e-02   2.39337741e-01   2.22887144e-04   2.19671210e-02
   1.12820012e-03   4.33791764e-03   9.42995038e-03  -1.09710888e-03
   2.84516790e-03   1.70279423e-02   1.75057658e-01   4.36928645e-03
   1.48949866e-01   1.65121537e-01   2.83515382e-02   1.69931715e-06
   9.71025303e-08  -2.93410367e-04   9.28205652e-04   3.33683296e-01
   3.10755935e-04   1.99591008e-01  -4.65194288e-03   1.23742017e-04
   2.12959086e-03  -4.50514458e-03   3.74955119e-03   1.37527657e-04
   5.27510053e-02   2.41738687e-04   1.14400205e-02   7.62444497e-05
   4.08849548e-03   1.58771450e-03   1.98616596e-02   2.39943456e-03
   4.34745706e-05   2.33619770e+03   1.66516299e-01   3.43723271e-04
  -5.67472425e-03   5.73588027e-02   7.80520853e-04   4.42830483e-03
  -1.58771450e-03  -9.73125315e-02   1.70492065e-04   9.66177967e-07
   7.21966950e-02  -9.38472297e-02   2.83136660e-04  -7.17023480e-03
   7.21966950e-02   1.12146166e-03   6.53862382e-04  -2.13271381e-03
   3.22664427e-03   2.55531775e-06   1.99400101e-01   7.78297314e-03
   6.17554273e-02   1.67766253e-01   7.26146001e-04   2.41212161e-03
   1.12820012e-03   3.42099662e-03  -6.95542885e-04   2.46780994e-03
  -8.63894352e-04   2.93410367e-04  -2.45432445e-03  -9.13339422e-02
   1.92450185e-06   9.10901263e-08   1.61415772e-03   1.51712236e-02
   8.26942951e-02   3.02910775e-03   1.53460272e+00   4.18518515e-07
   1.06826447e-02   9.37883639e-02   5.67472425e-03   3.97656139e-02
   5.11752863e-01   1.16151029e-02   6.53985619e-03   3.10755935e-04
   1.07795300e-02   1.12146166e-03   4.22240687e-02  -9.28003280e-04
   3.91510571e+03   6.86073450e-02   6.77680188e-04   4.65069594e-04
   2.88068784e-03   1.05130029e-01  -7.70763774e-04  -2.95133421e-03
   3.17953633e-04  -2.97998202e-03   1.01360340e-03   6.40538272e-04
  -1.53785220e-03   9.75616076e-04   2.98432544e+00   1.73875620e-03
   1.53657771e-01  -2.48094589e-03   3.08792079e-01   5.33265785e-03
   3.54016691e-03   9.72971779e-01   2.38613837e-03   5.67340453e-03
  -9.88109301e-04   1.08651992e-01   2.48094589e-03   1.83039477e-04
  -1.82612251e+00   1.16064189e-02   2.19825422e-01   8.27374900e-04
  -1.11307433e-03   8.27374900e-04   2.14970115e-03  -1.09937232e+00
  -3.23189851e-03   4.59675636e-04   2.62366956e-06   6.67263008e-04
   3.30036429e-04   3.08792079e-01  -5.34197576e-04  -2.56172983e-03
   5.43738743e+01   5.43738743e+01   2.19825422e-01   1.09937232e+00
   4.89911584e+00   1.90699278e-04  -6.55458107e-03   2.40287317e-03
  -9.29475930e-04  -2.21005087e-03   8.09004479e-02   2.05415594e-06
   9.28190629e-04   2.45815495e-01   2.45815495e-01   2.85796549e-03
   4.38804277e-07   2.04162728e-01  -1.29385453e-03   7.24499813e-02
   3.47370690e-04   3.11608188e-04   3.79282712e-07   8.07039431e-04
   3.47141298e-01   3.47141298e-01   3.47141298e-01   3.47141298e-01
   7.56173369e-02   8.88811113e-08   3.46983122e-01   3.46983122e-01
  -1.97353387e-03   9.79320300e-02   6.21909993e-03  -1.93729692e-03
   3.29590754e-01   3.71485885e-04   1.67446340e-03   2.37801799e-04
   6.15856885e-04   7.19756907e-04   3.23901353e-03   3.40004408e-02
   1.08060627e-03   1.08542047e-01   3.35475564e-03   1.60847833e-04
   6.24579266e-01   1.51102968e-02  -1.00757682e-02   2.22171646e-05
   7.94669867e-04   1.88248797e-03   4.65194288e-03   2.80616945e-03
   1.46391427e-03   1.08306677e+00   6.46296396e-04   4.13223500e-03
  -2.02483045e-02   1.13284616e-02   1.43317116e-03   6.72208480e-03
   1.59496280e-03   7.92396512e-02   3.37452415e-05   1.25861211e-04
   2.91375331e-01   7.74188805e-03   7.98577981e-01   3.38522512e-03
   2.91293677e-04   2.41076400e-04   4.90720021e-01   1.38718826e-03
   1.25907243e-03   9.95655271e-04  -4.79194383e-01   1.27040395e-02
   1.09084510e+01   5.90298158e-03   3.58604067e-03   2.44343805e-01
  -1.38228980e-03  -5.73588027e-02   8.13295183e-01  -6.63545369e-02
   1.05041116e-03   6.55458107e-03   7.98577981e-01  -7.43690511e-01
   4.49715792e-04   2.14518015e-03   8.61190169e-04   1.43014986e-04
   1.16216739e+01   1.16216739e+01   1.26741380e-03   4.03554748e-02
   2.04640724e-04   8.00401137e-04   3.81103290e-03   1.34363971e-04
   1.05041116e-03  -2.51237905e-03   1.07622555e-03   3.21320176e-02
   1.06483582e-03   9.87259385e-02  -1.08060627e-03   2.70980321e-03
   5.86600587e-01  -1.02547013e-02   9.55652073e-02   1.42306823e-06
   4.93940687e-04   5.46793311e-04   4.20290154e-01   6.03537797e-08
   1.10819644e+01  -1.89322583e+00   1.82967061e-07   2.11636446e+00
   6.97683671e-04   6.07347052e+03  -2.52450859e-02   1.07622555e-03
   7.41894157e-08   9.65950383e-08  -5.86716235e-04   4.58773605e-08
   2.07687788e-03   3.01744971e-04   7.61305789e-04   9.95655271e-04
   6.96984812e-04  -1.01831684e-01  -1.83043472e-03   1.48724795e-04
   7.28877671e-04  -5.28105146e-01   1.45908388e-02   8.80951966e-04
   1.29385453e-03   1.69826124e-04   4.97204252e-02   2.83515382e-02
   5.29428640e+01   5.29428640e+01   1.16640695e-01   4.18798985e+00
   8.44269379e+01   8.44269379e+01   1.25281947e-04   2.25342143e-02
  -2.12552824e-03  -9.30106024e-04   9.86687686e-05   2.93905160e-02
  -2.57924576e-03   1.67158136e-02   1.67158136e-02   2.40429742e-03
   2.07604976e-03   3.38719492e+00   1.69749577e-03  -1.29625867e+00
   2.08455397e-06   2.12552824e-03  -8.94921348e-04  -2.69445671e-02
   6.76070237e-01   5.04564496e-04   3.86023992e-08   8.94921348e-04
   1.28892375e-03  -2.41076400e-04   4.59675636e-04   1.50759647e-07
   2.81168372e-04   7.24499813e-02   2.45647953e-04   5.24940266e-01
   2.04808325e-04   1.24805964e-03   3.15043032e+03  -2.56069483e-02
  -1.41636770e-01  -4.81900876e-04   6.24579266e-01   9.97443754e-04
   7.13459538e+03   3.90198351e-05   2.40429742e-03   4.00246057e-02
   7.43642863e-04   1.89075060e-03   8.02494977e-05   3.40624692e+00
   6.77154959e-07  -1.94454778e-01   8.81529717e-04  -1.43607608e-01
   1.43859638e-03   2.56172983e-03   1.42746326e+00   7.49230354e-04
   1.45292448e-06   3.49346493e-03   2.51604507e-01   1.11158975e-04
  -1.77519490e-01   2.77824236e-05   9.97165554e-04  -1.20396155e-03
   2.18537019e-04   2.26096704e-04  -1.36670553e-03   3.38522512e-03
   4.85914884e-07   7.63199662e-01   1.36127577e-01  -1.11020795e-04
   1.15191807e-03   7.76551294e-03   4.98263834e-04  -1.22205842e-03
   7.78297314e-03   1.25733617e-04   5.00268502e+01   5.00268502e+01
  -3.46529151e-04   1.28892375e-03   2.13271381e-03   1.15452074e-02
   6.04789314e-04   7.19125859e-01   1.53967119e-01   1.29972719e-03
   1.65937650e-02   7.24673839e-04   1.40004956e-01   5.13594128e-07
  -3.21999024e-01   3.21999024e-01   1.80134610e-02   8.44277799e+01
   8.44277799e+01   7.77526539e-07   5.52662175e-02  -2.58651440e-02
  -7.18139925e-01   5.68404383e-01  -3.00607655e-03   9.58428145e-06
   9.58428145e-06   2.37801799e-04   4.81900876e-04   1.91923969e-02]
y_laban [ 0.  1.  0.  0.  0.  0.  0.  0.  1.  0.  0.  0.  0.  0.  0.  0.  0.  0.]
em 0
true_emotion 3
i 545
x [  9.56327711e-04   4.64465928e-01  -1.57639625e-01   6.03311736e-01
   1.08475750e-03   4.49492820e-04   4.07411891e-07   5.24160172e-04
   6.06034743e-04   1.66629126e-03  -1.62308212e-01   1.90580873e-02
   2.01904820e-02  -6.00910774e-02  -1.03798630e-03   7.09363244e-01
   1.75307179e-03   0.00000000e+00   5.84789484e-01  -1.83472345e-03
   5.58703465e-04   3.24179088e-07   7.16222459e-04   5.93587837e-03
   1.02697595e-03   2.14649967e-01   2.14649967e-01   1.34834251e-02
   6.56261438e-07   6.99958012e-01   2.58062042e-02   1.26853188e-03
  -3.20010826e-02   2.88278011e-01   2.88278011e-01   2.88278011e-01
   2.88278011e-01  -1.32983215e-03   5.66766266e-04   2.49475673e-01
   6.14299321e-02   4.05098867e-07   1.02697595e-03   1.32969355e-07
   1.61115775e-02   1.35488269e-06   3.77460077e-04   5.19382930e-02
   3.14189528e-07   6.31888155e-04   4.34891241e-04   4.07643278e-04
   3.61908138e-02   8.83078145e+01   8.83078145e+01   1.42274150e-04
  -3.21249539e-04   1.57406166e-01   8.81537907e-03   1.64392652e-03
   3.64351639e-04   1.04502078e-03   9.25717598e-05   2.12306168e-03
   1.68034644e-02   8.85439374e+01   8.85439374e+01   3.62653339e-07
   8.43962158e-02   8.43962158e-02   3.90520097e-02   4.61621828e-04
   1.22307666e-04   4.96850318e-02   4.92625976e-05   1.22111123e-01
   1.08528111e-04   3.81909685e-04   5.30745201e-04   2.42078465e-05
   1.41949961e-02   1.77887880e-02   6.64635676e-03   7.84749890e-02
   6.71835340e-02   3.15895456e-01   6.99958012e-01   5.30745201e-04
  -2.33120630e-02   1.44496283e-06   1.41719613e-04   2.52714516e-03
   9.38902064e-02   4.99946734e+02  -2.59473872e-03   1.14999712e+00
   2.29920124e-04   1.53063173e-02   3.13703985e-04   4.64687411e-04
  -1.24995739e-03   2.55630707e-03   1.27718778e-03   1.30194003e-01
  -8.95456635e-04   1.29626640e-01   5.60498678e-04  -2.33987385e-02
   1.52554555e-03   1.62308212e-01   2.51664657e-02  -1.53093572e-03
   2.55630707e-03   3.49508723e-02  -1.30178868e-01   5.13587795e-02
   7.26812262e-02  -1.53412132e-01  -2.43470503e-01   5.91051225e-08
   1.67420379e-08  -2.02697481e-04   2.52714516e-03   2.97513556e-01
   1.40783346e-02   5.90344717e-02  -2.80924771e-03  -1.44277935e-03
  -4.47775572e-02  -7.83139407e-04   3.55107841e-03   1.12195455e-04
   1.03992941e-01   2.46018864e-04  -2.16960055e-02   4.96030520e-05
   4.10570798e-04   4.64687411e-04   2.95241529e-01   2.24839511e-03
   2.60412019e-05   1.66729274e+03  -1.56513308e-01   1.76947268e-04
  -1.27628972e-03   6.02749545e-02   1.10174593e-03   3.44213086e-04
  -4.61263068e-04   7.64643268e-03   1.45138924e-04   5.31452493e-07
   6.51915479e-02  -2.07449326e-01   2.49008247e-04  -1.84645352e-02
   6.51915479e-02   6.66458979e-04   6.47645047e-04  -3.39741223e-03
   1.75492556e-03   5.73460673e-07   1.56664029e-01   5.32489054e-03
   1.66518283e-01   6.69961726e-02   4.47143360e-04   1.31015794e-03
   1.77421388e-03   2.03162609e-02  -1.59732130e-03   1.15410649e-03
  -1.77421388e-03   2.49008247e-04  -5.69349265e-03  -2.07427442e-01
   3.31368184e-08   8.89039815e-09   7.50678624e-04   2.12306168e-03
   4.83774724e-02   2.64938069e-04   1.19784662e+00   7.81943569e-07
   1.36284193e-01   1.30194003e-01   1.35505985e-03   2.45437886e-02
   3.36438133e-01   1.37795247e-01   5.67726221e-04   1.40783346e-02
  -3.06689565e-02   6.66458979e-04   2.90873820e-02  -6.25110183e-04
   5.79258173e+02   7.98019701e-02   6.09402865e-04   5.61253717e-04
   5.38724718e-02   9.52952136e-02  -1.99128494e-03  -5.63939925e-02
   2.75026473e-03  -4.56250652e-03   1.27718778e-03   1.13211874e-04
  -1.34336466e-03   5.49812500e-04   5.31570364e-02   8.11950813e-04
   6.52762003e-02  -2.24613757e-03   2.69204956e-01   1.58749907e-03
   4.03599077e-03   4.72558986e-02   1.57639625e-01   1.35505985e-03
  -9.57868620e-03   1.55279965e-02   2.24613757e-03   1.59544742e-04
  -1.09815803e+00   1.37166304e-01   1.98591803e-01   2.02225982e-03
  -1.58749907e-03   2.02225982e-03   2.75026473e-03  -2.04006664e+00
  -2.25219949e-03   1.14675730e-03   1.77903144e-06   1.37521906e-04
   3.50133832e-04   2.69204956e-01  -4.06198244e-03  -2.24758258e-03
   2.16931831e+01   2.16931831e+01   1.98591803e-01   2.04006664e+00
   9.38552821e+00   5.65727224e-05  -5.79089446e-03   3.12691230e-03
  -2.05058275e-03  -7.38038042e-04   5.80455756e-02   3.00032226e-08
   7.23828486e-04   3.60449004e-01   3.60449004e-01   3.15247649e-03
   3.77526485e-07   2.82584977e-01  -2.15035602e-03   6.95584611e-02
   2.35086161e-04   1.29388025e-04   3.92854744e-09   3.55941984e-06
   3.56847612e-01   3.56847612e-01   3.56847612e-01   3.56847612e-01
   5.15428651e-02   5.28641487e-08   3.04191092e-01   3.04191092e-01
  -1.97475620e-03  -1.88050653e-01   8.46754105e-04  -3.41602579e-03
   1.24611013e-01   4.28813278e-05   1.50692313e-03   1.60485468e-03
   6.26768437e-05   3.67568239e-04  -1.59681081e-02   4.15733610e-02
   7.21488524e-04   1.72171683e-02   6.15943354e-04   1.26166201e-04
   7.44287785e-01   1.04502078e-03  -5.24777222e-02  -1.42272584e-02
   9.67720721e-05   3.03691420e-03   2.80924771e-03   2.42882064e-02
   7.40077595e-04   5.38689101e-01   8.81351878e-04   7.77543040e-04
  -3.29220228e-02   4.33893543e-02   1.73213654e-04   1.53514162e+00
   1.93131958e-03   5.49449024e-02   6.13618224e-07   1.85506726e-04
   3.35904306e-01   6.32462412e-02   8.32396097e-01   1.43348852e-03
   2.49873240e-04   2.93728409e-04   3.34992563e-01   1.82032387e-04
   1.11556890e-03   5.48103466e-04  -7.44287785e-01   8.11779669e-02
   9.99965514e+00   1.30178868e-01   5.61690173e-03   1.63425136e-01
  -2.32733452e-03  -6.02749545e-02   4.48730378e-01  -1.79258454e-01
   2.58138973e-03   5.79089446e-03   8.32396097e-01   1.41070376e-01
   1.02065079e-03   9.85263107e-04   3.90010102e-03   5.37411586e-05
   4.95772358e+01   4.95772358e+01   2.66049503e-04   3.60465548e-02
   2.93728409e-04   1.05145578e-04   1.93699678e-03   2.50334823e-04
   2.58138973e-03  -5.54938989e-02   2.66677926e-03   2.45366650e-02
   3.96685869e-04  -1.88189475e-01  -7.21488524e-04   1.99865223e-03
   2.91179881e-01  -5.23840966e-02   2.07427442e-01   1.62709973e-07
   1.62286985e-04   2.70062347e-03   4.85649272e-01   1.95813881e-08
   1.39601516e+01  -2.43072614e+00   6.71005482e-08   4.18712056e+00
   5.35615317e-04   5.12855563e+03  -1.24770351e-02   2.63662233e-03
   1.37609892e-08   9.84103047e-08  -3.54432216e-04   1.11989742e-06
   1.83397156e-03   9.42880477e-05   1.94319536e-04   5.98647004e-04
   3.31885610e-04  -8.90838780e-02  -1.65090451e-03   1.58377690e-04
   3.02706331e-04  -2.17483471e-01   1.40856539e-02   4.81469599e-04
   2.15035602e-03   6.20444277e-05   1.89362633e-02   1.68378568e-03
   1.67549913e+01   1.67549913e+01   2.07449326e-01   8.83173008e-01
   6.99205959e+01   6.99205959e+01   8.47193466e-03   3.20188398e-01
  -1.41145492e-03  -5.98647004e-04  -6.05629333e-04  -1.17006631e-03
  -5.55958281e-02   1.43145204e-02   1.43145204e-02   2.18832645e-03
   1.11556890e-03   1.56926909e+01   2.06277316e-03  -2.19040501e+00
   1.41737970e-07   1.83397156e-03  -3.33275769e-03  -6.53772760e-02
   2.11581747e-01   3.08042848e-04   1.12616985e-06   3.90010102e-03
   1.72726488e-03  -2.87297720e-04   1.14675730e-03   1.45435902e-08
   1.90510383e-04   3.26489561e-02   1.39932023e-04   4.17104223e+00
   1.53412132e-01   7.73688808e-04   3.27172191e+02  -2.46231052e-02
  -2.05114904e-01  -4.28882786e-04   7.34878708e-01   2.52610909e-04
   5.12268817e+03   7.65287893e-07   2.18832645e-03   1.10158013e-01
   5.30795178e-04   3.76325530e-03  -4.63564407e-04   2.87982331e+00
   1.17916224e-06  -1.93810840e-01   5.17382134e-04  -2.05099498e-01
   1.49635692e-03   2.77102468e-03   2.25663281e-01   4.41323565e-04
   5.13759982e-07   5.61368230e-04   1.81436018e-01   2.70730598e-04
  -1.06722284e-01  -1.54918307e-04   6.78623530e-04  -1.95777112e-03
   2.32092503e-04   8.80803616e-05   9.35514201e-04   1.43348852e-03
   1.10155041e-07   5.38689101e-01   8.99642385e-02  -7.24826924e-03
   7.16701782e-04   6.40330311e-03   4.54123574e-04  -1.89074671e-03
   5.32489054e-03   2.70730598e-04   5.79568033e+01   5.79568033e+01
  -1.02065079e-03   1.89074671e-03   3.39741223e-03   1.84719164e-01
   1.40563031e-03   6.79109102e-01   2.87747721e-01   2.31031232e-04
   2.77219073e-03   1.25525404e-03   5.62493793e-02   4.30149326e-08
  -2.87851424e-01   2.87851424e-01   1.10647382e-02   6.98954696e+01
   6.98954696e+01   2.31813715e-07   5.97269978e-02  -2.48125713e-02
  -8.24911904e-01   6.32934721e-01  -5.41187252e-03   5.58600106e-05
   5.58600106e-05   4.36637506e-03   4.28882786e-04   1.05795301e-02]
y_laban [ 0.  0.  0.  0.  0.  0.  0.  0.  1.  0.  0.  0.  1.  0.  0.  0.  0.  0.]
em 0
true_emotion 3
i 547
x [  1.68801223e-03   4.60471675e-01  -2.16010850e-01   6.05733626e-01
  -6.24833773e-03   9.32874595e-05   1.56442997e-08   1.39802585e-03
   1.24074455e-04   1.47931145e-03  -2.21562391e-01   7.21802034e-03
   7.79905743e-03  -5.05964370e-02  -5.09605729e-04   6.17344743e-01
  -1.66345811e-03  -6.77262810e-03   4.77799688e-01  -3.55573987e-04
   1.98423242e-04   5.83420414e-08   1.74723668e-04   1.06284243e-04
   3.26048947e-04   1.57917729e+00   1.57917729e+00   3.47418705e-03
   5.63628339e-08   6.85957122e-01   1.27826488e-02   6.55686913e-04
   1.40968355e-03   2.59432759e-01   2.59432759e-01   2.59432759e-01
   2.59432759e-01  -2.57400035e-04   2.26575680e-04   9.60127570e-02
   5.56120108e-02   1.45804923e-07   3.26048947e-04   5.25093692e-08
   4.35029799e-03   2.90808241e-08   1.76561461e-04   1.23285594e-02
   5.31899873e-08   3.72641225e-04   2.51337035e-04   1.84863271e-04
   3.77750244e-02   8.49165904e+01   8.49165904e+01   5.49383119e-06
  -5.41478288e-05   2.32946751e-02   4.55639097e-04   1.48391563e-03
   4.74170807e-05   6.13604556e-04   2.73562196e-05   8.78727359e-04
   3.73817063e-04   8.51499589e+01   8.51499589e+01   9.15600655e-08
   6.73293802e-02   6.73293802e-02  -3.28135921e-02   3.12743100e-04
   2.12095677e-05   1.01703231e-02   2.72254525e-06   1.18688751e-02
   3.08632369e-05   6.98612550e-06   6.70718026e-05   2.11602353e-06
   9.83329789e-04   1.03542637e-03   1.06284243e-04   5.59338971e-02
   6.09153625e-03   4.40188728e-01   6.85957122e-01   6.70718026e-05
  -3.87886056e-02   6.31311990e-08   2.29933058e-05   3.47007902e-04
   2.13439361e-02   2.17167391e+02  -9.18169806e-04   8.85113612e-01
   4.03221921e-05   3.73905539e-03   5.46404885e-05   8.13136364e-05
  -2.81948754e-04   4.67583776e-04   2.81948754e-04   1.36852997e-01
  -5.45654358e-04   1.93341035e-02   2.25207467e-04  -3.85842161e-02
   6.67479631e-04   2.21562391e-01   1.04465199e-03  -3.47007902e-04
   4.67583776e-04   5.97801160e-03  -1.81954148e-01  -5.57836554e-04
   1.37867530e-02  -1.82336658e-01   3.80172324e-02   3.10482569e-08
   5.57554992e-10  -8.71538910e-06   3.24361793e-04   7.70104464e-02
   2.62777480e-04   1.35389539e-02  -3.03503757e-04  -2.67618174e-04
   3.03227883e-03  -2.74776145e-04   1.32109041e-03   5.77824088e-06
   7.73651849e-03   7.33609255e-06  -3.73503707e-02   2.69742961e-06
   2.31234406e-04   8.13136364e-05   4.25761722e-02   4.31956733e-04
   2.13642490e-06   1.17052665e+03  -2.09578010e-01   4.79865361e-05
  -2.89153072e-04   5.51213733e-02   1.62330519e-04   2.26113884e-04
  -5.01231609e-05   8.80979356e-03   5.52081997e-06   2.87244738e-08
   6.86598596e-02  -2.35576053e-01   8.23203461e-06  -2.56656223e-03
   6.86598596e-02   5.74335838e-05   1.39191863e-04  -3.87422362e-04
   2.78591906e-05   7.03623816e-08   2.44856031e-02   8.57474766e-04
  -1.79633321e-01   1.24256559e-02   1.33171010e-04   2.90263775e-04
   6.92220136e-04   9.93151761e-04  -9.98373799e-04   2.50930624e-04
  -6.92220136e-04   8.71538910e-06  -4.16087902e-04  -2.35579970e-01
   4.27590537e-09   4.86384212e-10   1.81513285e-04   8.78727359e-04
   8.33680100e-03   1.81969496e-04   2.25449902e-01   2.61989732e-08
  -1.82087946e-01   1.36852997e-01   4.47095133e-04   5.99651631e-04
   7.61361423e-02   1.40963806e-02   2.90110379e-04   4.42654364e-04
  -5.50035461e-02   5.74335838e-05   1.50750908e-02  -4.95030518e-05
   2.33421616e+02   2.54123428e-02   1.81292972e-04   1.26736500e-04
   3.50454322e-03   2.68195018e-02  -2.09306122e-05   4.02747946e-03
   1.00119016e-03  -5.71059457e-04   2.76143180e-04   4.92754779e-05
  -2.24521217e-04   2.19337154e-04   6.19978558e-03   2.25193546e-04
   5.15646284e-02  -9.51392258e-05   2.82576848e-01   6.55686913e-04
   1.58459114e-03  -1.71592147e-02   2.16010850e-01   4.47095133e-04
   1.80809445e-03   8.72448709e-04   1.29962135e-04   2.22344357e-05
  -9.10009010e-02   1.41655036e-02   2.08936169e-01   2.15859045e-05
  -3.16152549e-04   2.15859045e-05   1.00119016e-03  -2.10837779e-01
  -1.41001394e-03   9.36801981e-05   1.40754888e-07   5.21597554e-05
   7.28641336e-06   2.82576848e-01  -2.78893248e-04  -4.96255171e-04
   1.42458006e+01   1.42458006e+01   2.08936169e-01   2.10837779e-01
   7.22150194e+00   1.67978943e-05  -4.48048545e-04   1.05874871e-04
  -6.53854391e-05  -5.06909379e-04   8.56381052e-03   5.45971827e-09
   1.66875446e-04   5.88965211e-03   5.88965211e-03   5.59518872e-04
   2.00413758e-07   3.93078757e-01  -1.82574227e-04   7.05410037e-02
   6.30280506e-05   2.36105909e-05   9.94730204e-10   3.67031342e-03
   2.68547545e-01   2.68547545e-01   2.68547545e-01   2.68547545e-01
   9.80396043e-03   1.62607291e-09   7.62126174e-02   7.62126174e-02
  -1.43347433e-03  -1.87738507e-01   3.28365777e-04  -5.85794533e-04
   2.95369331e-02   2.46625617e-05   1.29962135e-04   2.09584036e-04
   3.15376485e-05   2.85024577e-05   3.43162269e-03   9.30389583e-04
   1.09167356e-04   7.47167554e-03   9.94574705e-05   5.81969723e-06
   1.72523469e-01   6.13604556e-04  -4.46982558e-02   4.27845870e-03
   4.81345015e-05   4.30836249e-04   5.93722032e-04   1.71702815e-02
   2.05621207e-04   1.48147714e-01   1.55143534e-04   3.25524142e-04
  -3.36665334e-02   5.55500222e-02   7.38870809e-05  -1.11341095e+00
   5.93722032e-04   1.09604083e-02   1.43209134e-07   1.29239260e-04
   6.84698164e-03  -3.46665492e-02   1.21559165e-01   5.06909379e-04
   7.54356771e-06   8.69800853e-06   5.62814793e-02   6.53896861e-05
   4.84053514e-04   7.14971285e-05  -1.72523469e-01   5.82213393e-02
   8.87304838e+00   1.81954148e-01   3.06571109e-03   7.72593134e-03
  -9.88580744e-04  -5.51213733e-02   7.18433966e-02  -2.13732730e-01
   6.53854391e-05   5.59518872e-04   9.01047745e-02  -1.45380924e+00
   8.07829629e-05   1.74821371e-03   6.70631721e-05   2.09657679e-05
   5.20848378e+01   5.20848378e+01   8.08842197e-05   3.78556417e-02
   8.46830074e-06   4.53909314e-05   2.78591906e-05   7.84639916e-06
   3.55058919e-05  -6.23871467e-02   7.39037771e-05   6.77852932e-03
   2.48254644e-04  -1.87761576e-01  -9.89787004e-05   1.43347433e-03
   1.02169029e-01  -4.47557466e-02   2.35579970e-01   6.17567938e-08
   1.92035687e-05   7.17536193e-04   4.53168843e-01   6.48246910e-10
   7.07999809e+00  -5.88210403e-01   7.09632260e-09   5.68862035e+00
   2.91361414e-04   8.57248754e+03   6.45934652e-03   6.53521201e-05
   5.66129994e-10   2.98564839e-09  -9.38677093e-05   2.54225210e-08
   2.72255717e-06   2.20527856e-05   1.34148607e-04   7.14971285e-05
   3.00369035e-05  -4.15746784e-02  -1.24633579e-04   8.68944832e-05
   1.79370029e-04  -2.59070118e-01   6.54157065e-03   1.50380878e-04
   3.20050061e-04   1.62406033e-05   7.23595058e-03   3.80172324e-02
   2.09069681e+01   2.09069681e+01   2.35576053e-01   2.06522591e-01
   8.26664532e+01   8.26664532e+01   7.08669583e-05   4.36702900e-02
  -5.10469245e-06  -6.21488598e-05  -1.68781736e-04   1.64453558e-02
  -6.23481577e-02   8.94380795e-04   8.94380795e-04   9.61579788e-05
   4.84053514e-04   8.52963560e+00   1.17758578e-03  -8.28902884e-03
   2.84788032e-08   5.10469245e-06  -3.19418431e-05  -3.53513388e-02
   1.44675627e-02   8.18252768e-05   2.71169362e-06   6.70631721e-05
   2.35131270e-05  -8.69800853e-06   1.70463728e-05   1.30295333e-07
   8.85852185e-05   1.59242082e-02   2.54598221e-05   1.71704706e+00
   1.82336658e-01   2.51405417e-04   4.42771787e+02  -1.51837997e-02
  -2.22134105e-01  -1.14060906e-05   9.77972252e-02   1.35449634e-04
   6.83508018e+03   1.59701521e-08   1.24633579e-04  -2.51274507e-04
   1.31678700e-04   6.32423515e-04  -1.24644498e-04  -3.20116400e-01
   1.44098089e-07  -7.92159614e-02   1.09167356e-04  -2.22121294e-01
   5.85797872e-05   4.96255171e-04   7.68462551e-02   9.38677093e-05
   1.36066679e-07   2.18103467e-04   2.05893517e-01   1.36641713e-05
  -2.74141224e-02  -4.15103470e-05   1.69151976e-04  -1.16664015e-03
   1.13232309e-04   2.81619304e-05  -4.48721973e-03   2.99493210e-04
   9.02255554e-10   1.48147714e-01   1.51833588e-02  -6.99953503e-05
   3.59436469e-04   7.42550588e-04   9.81284767e-05  -2.48056082e-05
   8.57474766e-04   1.36641713e-05   2.38721923e+01   2.38721923e+01
  -2.07048585e-05   2.48056082e-05   4.30836249e-04   2.32946751e-02
   6.27764901e-05   6.78577020e-01   4.29661697e-01   8.96396657e-05
   3.70829125e-04   2.54636919e-05  -2.70938847e-02   4.37347946e-07
  -2.56980192e-01   2.56980192e-01   8.44934149e-03   8.26661343e+01
   8.26661343e+01   2.26144432e-08   4.32758758e-02  -1.51680056e-02
  -1.21559165e-01   6.04652562e-01  -2.02561756e-04   3.45667812e-05
   3.45667812e-05   3.71658072e-04   1.14060906e-05   5.92964442e-03]
y_laban [ 0.  0.  0.  0.  0.  0.  1.  0.  1.  0.  0.  0.  0.  0.  0.  0.  0.  0.]
em 0
true_emotion 3
i 548
x [  4.49132365e-02   5.40392671e-01  -1.18130454e-01   6.74339587e-01
  -3.32482437e-04   6.51201283e-04   6.96170970e-07   2.96449421e-02
   8.31973564e-04   1.03544953e-03  -1.30595740e-01   2.79238522e-02
   2.87985655e-02  -3.61663857e-02  -2.18006937e-03   7.55998886e-01
  -1.33306571e-03  -1.15405538e-03   6.60912107e-01  -2.06680185e-03
   4.81926757e-04   2.45355661e-06   7.10623498e-04   1.84514010e-03
   7.80401286e-04   1.49352110e+00   1.49352110e+00   4.86787026e-03
   5.14171887e-07   8.73926696e-01   1.58439906e-02   5.47784258e-03
  -7.63552566e-03   2.74313979e-01   2.74313979e-01   2.74313979e-01
   2.74313979e-01  -1.58835539e-03   1.51303344e-03   4.76627625e-01
   7.24705607e-02   2.50304066e-07   7.80401286e-04   1.29187394e-06
   2.42275333e-02   5.22657879e-06   8.23453876e-04   9.56501020e-02
   1.18050405e-06   4.67684722e-04   2.62119357e-04   1.14266909e-03
   2.64279938e-02   9.26233674e+01   9.26233674e+01   2.17439462e-05
  -2.59567876e-04  -2.41352900e-02   1.97256816e-02   8.04458929e-04
   4.61155009e-04   2.98174041e-03   6.19915290e-05   3.32757668e-03
   1.03038277e-02   9.44870564e+01   9.44870564e+01   1.28088589e-06
   7.53957821e-02   7.53957821e-02   2.66884577e-02   3.59842901e-04
   9.43040217e-05  -2.59810638e-02   1.35972338e-05   4.32835090e-01
   5.76525622e-05   3.04319593e-05   2.17598049e-04   9.42612309e-06
   2.35057108e-03   3.84893523e-03   1.84514010e-03   1.15975733e-01
   1.13954744e-02   6.42131144e-01   8.73926696e-01   2.59567876e-04
   2.74137341e-02   8.39493613e-06   8.87441422e-05   8.52871317e-04
   1.40437289e-01   2.54537306e+03  -2.52948065e-03   1.43972308e+00
   1.40794638e-04   2.30391523e-02   1.47257598e-04   2.09401699e-04
  -5.94696249e-04   2.44712760e-03   5.94696249e-04   9.10283828e-02
  -1.21316734e-03   1.01507713e-01   1.08178720e-03   2.73487990e-02
   1.01090782e-03   1.30595740e-01   8.74603451e-03  -8.52871317e-04
   2.44712760e-03   1.66809933e-02   2.31959004e-01   6.78003608e-03
   8.02008879e-02   1.77616873e-01  -5.70484880e-02   2.49858877e-07
   3.58961314e-08  -4.36314696e-05   4.98935837e-04   1.79506874e-01
   5.34078198e-04   7.04174655e-02  -2.69848533e-03  -6.20924340e-04
  -1.78296950e-02  -7.00279794e-04   3.92095291e-03   2.72518510e-05
   1.95706166e-02   3.46609010e-05   6.93461985e-02   1.31626097e-05
   7.47610572e-04   2.09401699e-04   2.30303042e-02   2.06680185e-03
   1.05247627e-05   3.09328921e+03  -1.19512358e-01   9.12434256e-05
  -1.20058020e-03   5.20489152e-02   2.24492897e-03   1.10879662e-03
  -2.00722634e-04  -3.52948221e-02   3.38017761e-05   6.59523750e-07
   6.75780864e-02  -1.54784000e-01   5.18400066e-05   1.48065165e-03
   6.75780864e-02   5.17728929e-04   1.49508653e-03  -2.43931203e-03
   4.18599177e-04   1.17309877e-06   1.55389549e-01   9.77155769e-03
   1.19763409e-01   5.76684991e-02   5.69975899e-04   1.40158005e-03
   1.34685581e-03   5.16662453e-03  -6.92436503e-04   2.60502130e-03
  -1.34685581e-03   5.18400066e-05  -3.83965548e-03  -1.55264294e-01
   2.95616449e-08   2.26655886e-08   1.78678536e-03   3.32757668e-03
   3.39085912e-02   8.17044361e-04   2.45536172e+00   1.48535275e-06
   9.84967725e-02   9.10283828e-02   1.20058020e-03   2.41469227e-02
   6.56380435e-01   1.06830765e-02   1.02592290e-03   5.34078198e-04
   4.37350091e-02   5.17728929e-04   3.75102660e-02  -4.61444734e-04
   2.62586171e+03   4.91598854e-02   3.40126399e-04   8.28231954e-04
   5.21372362e-03   7.27050852e-02  -8.42762378e-05  -1.40153479e-02
   1.72486016e-03  -8.65193867e-03   5.50489665e-04   1.20226280e-04
  -6.48994561e-04   8.53800509e-04   2.27384506e+00   9.49843785e-04
   6.11751516e-02  -1.27109079e-03   2.80920619e-01   5.47784258e-03
   4.06205455e-03   4.25746290e-01   1.18130454e-01   1.17633967e-03
  -4.19756595e-03   1.67259642e-02   1.27109079e-03   1.28736362e-03
  -9.34076739e-01   1.07132616e-02   2.05716815e-01   1.21378568e-04
  -3.21581757e-03   1.21378568e-04   1.82856015e-03  -4.48894909e-01
  -1.23601410e-02   4.29126642e-04   2.36337232e-07   1.14020499e-04
   4.51668731e-05   2.80920619e-01  -2.93507623e-04  -2.64542384e-03
   4.86339991e+01   4.86339991e+01   2.05716815e-01   4.48894909e-01
   2.56052345e+00   9.70245337e-05  -1.97167973e-03   1.15591696e-03
  -7.98120949e-04  -1.90985988e-03   3.23066189e-02   2.88518839e-08
   7.65802577e-04   1.08312697e-01   1.08312697e-01   2.31361272e-03
   5.02898089e-08   2.68681587e-01  -9.90308429e-04   4.10035348e-02
   8.54875954e-05   1.89455652e-04   1.56237226e-07   2.31579502e-03
   3.07940480e-01   3.07940480e-01   3.07940480e-01   3.07940480e-01
   2.53451242e-02   1.98231333e-08   1.56826361e-01   1.56826361e-01
  -2.77767768e-03   1.21113036e-02   8.37076812e-04  -2.78337234e-03
   1.29311067e-01   2.34832287e-04   1.12934747e-03   2.55897843e-04
   3.95221864e-04   3.49171544e-04  -1.47646646e-03   9.14285829e-03
   8.38099362e-04   9.22936469e-02   1.88248390e-03   4.01005861e-05
   6.55724437e-01   2.98174041e-03   2.42601755e-02   9.05587140e-03
   1.20421089e-04   4.19491766e-03   2.69848533e-03  -8.14855351e-03
   1.07732900e-03   6.26417407e-01   1.21696927e-03   8.37076812e-04
  -2.55625269e-02   2.48867424e-02   1.69858381e-04  -2.53002231e+00
   2.59734161e-03   2.52874951e-02   3.49764668e-05   2.08474944e-04
   3.78814366e-02   3.89270538e-02   4.41060330e-01   2.92851950e-03
   5.00811245e-05   3.66216827e-05   2.58731912e-01   1.71931451e-04
   3.28377796e-04   4.92274264e-04  -5.88110210e-01   8.05092883e-02
   7.05119951e+00   9.31114693e-04  -2.66981800e-02   6.87705891e-02
  -7.96618959e-04  -5.20489152e-02   2.91884108e-01  -1.24943539e-01
   7.98120949e-04   2.31361272e-03   4.41060330e-01   2.88533440e-01
   2.87953303e-04   1.19895266e-03   8.92746510e-04   8.17938021e-05
   3.22046290e+01   3.22046290e+01   1.98300860e-04   2.30361029e-02
   3.66216827e-05   1.17175495e-04   5.17941317e-03   7.06400175e-05
   5.31709757e-04   1.54765065e-02   9.02394279e-04   2.95917605e-02
   1.44047546e-03   1.30955331e-02  -8.38099362e-04   3.76153492e-03
   2.34119309e-01   2.47232700e-02   1.55264294e-01   2.35687583e-06
   1.80228841e-04   4.46200664e-04   4.05887220e-01   3.61019930e-08
   9.50541955e+00  -7.89084574e-01   2.43319689e-07   3.25813515e+00
   6.78788930e-04   1.12302155e+04  -3.75586287e-02   8.41184999e-04
   1.28665790e-08   2.16859795e-08  -7.20887156e-04   9.67850579e-07
   1.84161085e-03   1.50548266e-04   3.79343694e-04   4.92274264e-04
   2.39043118e-04  -7.77185844e-02  -1.35953674e-03   2.02505966e-04
   9.20774066e-04  -3.63013633e-01   1.44491910e-02   7.61943435e-04
   1.13917976e-03   7.15562271e-05   2.82703416e-02   2.58645276e-04
   7.38633187e+01   7.38633187e+01   1.54784000e-01   4.46714677e+00
   8.54076538e+01   8.54076538e+01   2.00581163e-04   2.40764202e-02
  -1.81516758e-03  -4.82596204e-04  -5.14836698e-05  -1.39926771e-03
   1.50813425e-02   3.22774612e-03   3.22774612e-03   1.30955356e-03
   9.35359579e-04   7.25927617e+00   2.14201752e-03  -1.28956475e+00
   8.23753746e-07   1.84161085e-03  -9.58141293e-04  -3.83414774e-02
   8.70846070e-02   4.20278621e-04   1.85732541e-08   9.58141293e-04
   1.49620485e-04  -3.64424665e-05   2.63920086e-04   1.17739510e-06
   1.55264880e-04   4.10035348e-02   1.89999318e-04   1.23026194e+00
   5.95129857e-03   4.65167163e-04   6.44779537e+03  -2.10602067e-02
  -1.55805136e-01  -2.61363804e-04   6.55724437e-01   5.84002570e-04
   7.31009033e+03   1.09163123e-05   1.35953674e-03   7.56537488e-02
   7.78276723e-04   3.53129358e-03  -3.81596764e-05   2.69588983e-01
   1.10982605e-06  -1.80418442e-01   7.19287269e-04  -1.55599106e-01
   1.77069150e-03   2.64542384e-03   1.44657705e+00   7.20887156e-04
   1.68884149e-06   3.28379295e-03   2.35621894e-01   3.28856695e-05
  -1.46156967e-01  -1.26948060e-05   1.09939310e-03  -1.84529538e-03
   2.69190703e-04   1.42133307e-04  -4.93967204e-03   2.92851950e-03
   5.71416703e-08   6.26417407e-01   4.93800258e-02  -1.88537348e-04
   1.18921791e-03   4.50239047e-03   2.34853142e-04  -1.09013738e-04
   9.77155769e-03   3.99575846e-05   2.31231261e+01   2.31231261e+01
  -2.87953303e-04   1.49620485e-04   4.19491766e-03   4.47910179e-02
   1.39236113e-04   6.66656540e-01   2.90802581e-01   2.08380953e-04
   1.05699612e-02   9.97028928e-05   4.82442865e-02   1.36015634e-07
  -3.28579064e-01   3.28579064e-01   2.96077274e-02   8.54388899e+01
   8.54388899e+01   5.80560725e-07   6.94475277e-02  -2.11335051e-02
  -4.23271502e-01   5.69034890e-01  -1.57716421e-03   5.44353807e-05
   5.44353807e-05   1.16433513e-03   2.61363804e-04   3.29866052e-02]
y_laban [ 0.  1.  0.  0.  0.  0.  0.  0.  0.  0.  0.  0.  1.  0.  0.  0.  0.  0.]
em 0
true_emotion 3
i 549
clf OneVsOneClassifier(estimator=AdaBoostClassifier(algorithm='SAMME.R', base_estimator=None,
          learning_rate=1.0, n_estimators=50, random_state=None),
          n_jobs=1)
n_iter 1
resTable 0.232142857143
[0.2321428571428571]
resRaw 0.892857142857
[0.8928571428571429]
resRawTransform 0.785714285714
[0.7857142857142857]
resLaban 0.857142857143
[0.8571428571428571]
resEmotion 0.785714285714
[0.7857142857142857]
resAll 0.857142857143
[0.8571428571428571]
